Weir Name,Stream Name,Year,Obs Date,Obs Day (mm/dd),Weir Count Type,Species,Maturity,Count
Situk Lower,Situk RIver,1988,6/7/1988,7-Jun,Counted live,Sockeye,Adult,2
Situk Lower,Situk RIver,1988,6/10/1988,10-Jun,Counted live,Sockeye,Adult,1
Situk Lower,Situk RIver,1988,6/11/1988,11-Jun,Counted live,Sockeye,Adult,1
Situk Lower,Situk RIver,1988,6/17/1988,17-Jun,Counted live,Sockeye,Adult,3
Situk Lower,Situk RIver,1988,6/18/1988,18-Jun,Counted live,Sockeye,Adult,2
Situk Lower,Situk RIver,1988,6/19/1988,19-Jun,Counted live,Sockeye,Adult,3
Situk Lower,Situk RIver,1988,6/20/1988,20-Jun,Counted live,Sockeye,Adult,2
Situk Lower,Situk RIver,1988,6/22/1988,22-Jun,Counted live,Sockeye,Adult,957
Situk Lower,Situk RIver,1988,6/24/1988,24-Jun,Counted live,Sockeye,Adult,14
Situk Lower,Situk RIver,1988,6/25/1988,25-Jun,Counted live,Sockeye,Adult,5
Situk Lower,Situk RIver,1988,6/26/1988,26-Jun,Counted live,Sockeye,Adult,35
Situk Lower,Situk RIver,1988,6/27/1988,27-Jun,Counted live,Sockeye,Adult,25
Situk Lower,Situk RIver,1988,6/28/1988,28-Jun,Counted live,Sockeye,Adult,1144
Situk Lower,Situk RIver,1988,6/29/1988,29-Jun,Counted live,Sockeye,Adult,8145
Situk Lower,Situk RIver,1988,6/30/1988,30-Jun,Counted live,Sockeye,Adult,1775
Situk Lower,Situk RIver,1988,7/1/1988,1-Jul,Counted live,Sockeye,Adult,604
Situk Lower,Situk RIver,1988,7/2/1988,2-Jul,Counted live,Sockeye,Adult,2755
Situk Lower,Situk RIver,1988,7/3/1988,3-Jul,Counted live,Sockeye,Adult,987
Situk Lower,Situk RIver,1988,7/4/1988,4-Jul,Counted live,Sockeye,Adult,94
Situk Lower,Situk RIver,1988,7/5/1988,5-Jul,Counted live,Sockeye,Adult,253
Situk Lower,Situk RIver,1988,7/6/1988,6-Jul,Counted live,Sockeye,Adult,490
Situk Lower,Situk RIver,1988,7/6/1988,6-Jul,Weir mortalities,Sockeye,Adult,1
Situk Lower,Situk RIver,1988,7/7/1988,7-Jul,Counted live,Sockeye,Adult,3679
Situk Lower,Situk RIver,1988,7/8/1988,8-Jul,Counted live,Sockeye,Adult,281
Situk Lower,Situk RIver,1988,7/8/1988,8-Jul,Weir mortalities,Sockeye,Adult,1
Situk Lower,Situk RIver,1988,7/9/1988,9-Jul,Counted live,Sockeye,Adult,20
Situk Lower,Situk RIver,1988,7/9/1988,9-Jul,Weir mortalities,Sockeye,Adult,1
Situk Lower,Situk RIver,1988,7/10/1988,10-Jul,Counted live,Sockeye,Adult,1329
Situk Lower,Situk RIver,1988,7/10/1988,10-Jul,Weir mortalities,Sockeye,Adult,1
Situk Lower,Situk RIver,1988,7/11/1988,11-Jul,Counted live,Sockeye,Adult,1683
Situk Lower,Situk RIver,1988,7/12/1988,12-Jul,Counted live,Sockeye,Adult,1021
Situk Lower,Situk RIver,1988,7/13/1988,13-Jul,Counted live,Sockeye,Adult,4210
Situk Lower,Situk RIver,1988,7/14/1988,14-Jul,Counted live,Sockeye,Adult,255
Situk Lower,Situk RIver,1988,7/15/1988,15-Jul,Counted live,Sockeye,Adult,72
Situk Lower,Situk RIver,1988,7/15/1988,15-Jul,Weir mortalities,Sockeye,Adult,1
Situk Lower,Situk RIver,1988,7/16/1988,16-Jul,Counted live,Sockeye,Adult,175
Situk Lower,Situk RIver,1988,7/17/1988,17-Jul,Counted live,Sockeye,Adult,190
Situk Lower,Situk RIver,1988,7/18/1988,18-Jul,Counted live,Sockeye,Adult,519
Situk Lower,Situk RIver,1988,7/18/1988,18-Jul,Weir mortalities,Sockeye,Adult,3
Situk Lower,Situk RIver,1988,7/19/1988,19-Jul,Counted live,Sockeye,Adult,1714
Situk Lower,Situk RIver,1988,7/20/1988,20-Jul,Counted live,Sockeye,Adult,717
Situk Lower,Situk RIver,1988,7/21/1988,21-Jul,Counted live,Sockeye,Adult,64
Situk Lower,Situk RIver,1988,7/23/1988,23-Jul,Counted live,Sockeye,Adult,2275
Situk Lower,Situk RIver,1988,7/24/1988,24-Jul,Counted live,Sockeye,Adult,4
Situk Lower,Situk RIver,1988,7/25/1988,25-Jul,Counted live,Sockeye,Adult,3378
Situk Lower,Situk RIver,1988,7/26/1988,26-Jul,Counted live,Sockeye,Adult,484
Situk Lower,Situk RIver,1988,7/27/1988,27-Jul,Counted live,Sockeye,Adult,219
Situk Lower,Situk RIver,1988,7/28/1988,28-Jul,Counted live,Sockeye,Adult,1113
Situk Lower,Situk RIver,1988,7/28/1988,28-Jul,Weir mortalities,Sockeye,Adult,1
Situk Lower,Situk RIver,1988,7/29/1988,29-Jul,Counted live,Sockeye,Adult,948
Situk Lower,Situk RIver,1988,7/29/1988,29-Jul,Weir mortalities,Sockeye,Adult,4
Situk Lower,Situk RIver,1988,7/30/1988,30-Jul,Counted live,Sockeye,Adult,1074
Situk Lower,Situk RIver,1988,7/31/1988,31-Jul,Counted live,Sockeye,Adult,377
Situk Lower,Situk RIver,1988,8/1/1988,1-Aug,Counted live,Sockeye,Adult,101
Situk Lower,Situk RIver,1988,8/2/1988,2-Aug,Counted live,Sockeye,Adult,1319
Situk Lower,Situk RIver,1988,8/3/1988,3-Aug,Counted live,Sockeye,Adult,57
Situk Lower,Situk RIver,1988,8/4/1988,4-Aug,Counted live,Sockeye,Adult,445
Situk Lower,Situk RIver,1988,8/5/1988,5-Aug,Counted live,Sockeye,Adult,323
Situk Lower,Situk RIver,1988,8/6/1988,6-Aug,Counted live,Sockeye,Adult,323
Situk Lower,Situk RIver,1988,8/7/1988,7-Aug,Counted live,Sockeye,Adult,7
Situk Lower,Situk RIver,1988,8/8/1988,8-Aug,Counted live,Sockeye,Adult,76
Situk Lower,Situk RIver,1988,8/9/1988,9-Aug,Counted live,Sockeye,Adult,15
Situk Lower,Situk RIver,1988,8/10/1988,10-Aug,Counted live,Sockeye,Adult,44
Situk Lower,Situk RIver,1988,8/11/1988,11-Aug,Counted live,Sockeye,Adult,64
Situk Lower,Situk RIver,1988,8/12/1988,12-Aug,Counted live,Sockeye,Adult,81
Situk Lower,Situk RIver,1988,8/13/1988,13-Aug,Counted live,Sockeye,Adult,56
Situk Lower,Situk RIver,1988,8/14/1988,14-Aug,Counted live,Sockeye,Adult,123
Situk Lower,Situk RIver,1988,8/15/1988,15-Aug,Counted live,Sockeye,Adult,98
Situk Lower,Situk RIver,1988,8/16/1988,16-Aug,Counted live,Sockeye,Adult,50
Situk Lower,Situk RIver,1988,8/17/1988,17-Aug,Counted live,Sockeye,Adult,38
Situk Lower,Situk RIver,1988,8/18/1988,18-Aug,Counted live,Sockeye,Adult,30
Situk Lower,Situk RIver,1988,8/19/1988,19-Aug,Counted live,Sockeye,Adult,19
Situk Lower,Situk RIver,1988,8/20/1988,20-Aug,Counted live,Sockeye,Adult,28
Situk Lower,Situk RIver,1988,8/21/1988,21-Aug,Counted live,Sockeye,Adult,9
Situk Lower,Situk RIver,1989,5/31/1989,31-May,Counted live,Sockeye,Adult,11
Situk Lower,Situk RIver,1989,6/1/1989,1-Jun,Counted live,Sockeye,Adult,5
Situk Lower,Situk RIver,1989,6/2/1989,2-Jun,Counted live,Sockeye,Adult,6
Situk Lower,Situk RIver,1989,6/3/1989,3-Jun,Counted live,Sockeye,Adult,7
Situk Lower,Situk RIver,1989,6/4/1989,4-Jun,Counted live,Sockeye,Adult,33
Situk Lower,Situk RIver,1989,6/5/1989,5-Jun,Counted live,Sockeye,Adult,77
Situk Lower,Situk RIver,1989,6/7/1989,7-Jun,Counted live,Sockeye,Adult,5
Situk Lower,Situk RIver,1989,6/8/1989,8-Jun,Counted live,Sockeye,Adult,2
Situk Lower,Situk RIver,1989,6/10/1989,10-Jun,Counted live,Sockeye,Adult,5
Situk Lower,Situk RIver,1989,6/11/1989,11-Jun,Counted live,Sockeye,Adult,947
Situk Lower,Situk RIver,1989,6/12/1989,12-Jun,Counted live,Sockeye,Adult,675
Situk Lower,Situk RIver,1989,6/13/1989,13-Jun,Counted live,Sockeye,Adult,252
Situk Lower,Situk RIver,1989,6/14/1989,14-Jun,Counted live,Sockeye,Adult,226
Situk Lower,Situk RIver,1989,6/15/1989,15-Jun,Counted live,Sockeye,Adult,23
Situk Lower,Situk RIver,1989,6/16/1989,16-Jun,Counted live,Sockeye,Adult,2
Situk Lower,Situk RIver,1989,6/17/1989,17-Jun,Counted live,Sockeye,Adult,4592
Situk Lower,Situk RIver,1989,6/18/1989,18-Jun,Counted live,Sockeye,Adult,1317
Situk Lower,Situk RIver,1989,6/19/1989,19-Jun,Counted live,Sockeye,Adult,1506
Situk Lower,Situk RIver,1989,6/20/1989,20-Jun,Counted live,Sockeye,Adult,640
Situk Lower,Situk RIver,1989,6/21/1989,21-Jun,Counted live,Sockeye,Adult,2968
Situk Lower,Situk RIver,1989,6/22/1989,22-Jun,Counted live,Sockeye,Adult,880
Situk Lower,Situk RIver,1989,6/23/1989,23-Jun,Counted live,Sockeye,Adult,1649
Situk Lower,Situk RIver,1989,6/24/1989,24-Jun,Counted live,Sockeye,Adult,2297
Situk Lower,Situk RIver,1989,6/25/1989,25-Jun,Counted live,Sockeye,Adult,2247
Situk Lower,Situk RIver,1989,6/26/1989,26-Jun,Counted live,Sockeye,Adult,504
Situk Lower,Situk RIver,1989,6/27/1989,27-Jun,Counted live,Sockeye,Adult,5845
Situk Lower,Situk RIver,1989,6/28/1989,28-Jun,Counted live,Sockeye,Adult,5818
Situk Lower,Situk RIver,1989,6/29/1989,29-Jun,Counted live,Sockeye,Adult,1254
Situk Lower,Situk RIver,1989,6/30/1989,30-Jun,Counted live,Sockeye,Adult,1120
Situk Lower,Situk RIver,1989,7/1/1989,1-Jul,Counted live,Sockeye,Adult,1393
Situk Lower,Situk RIver,1989,7/2/1989,2-Jul,Counted live,Sockeye,Adult,1449
Situk Lower,Situk RIver,1989,7/3/1989,3-Jul,Counted live,Sockeye,Adult,1911
Situk Lower,Situk RIver,1989,7/4/1989,4-Jul,Counted live,Sockeye,Adult,3438
Situk Lower,Situk RIver,1989,7/5/1989,5-Jul,Counted live,Sockeye,Adult,1374
Situk Lower,Situk RIver,1989,7/6/1989,6-Jul,Counted live,Sockeye,Adult,76
Situk Lower,Situk RIver,1989,7/7/1989,7-Jul,Counted live,Sockeye,Adult,1684
Situk Lower,Situk RIver,1989,7/8/1989,8-Jul,Counted live,Sockeye,Adult,930
Situk Lower,Situk RIver,1989,7/9/1989,9-Jul,Counted live,Sockeye,Adult,3613
Situk Lower,Situk RIver,1989,7/10/1989,10-Jul,Counted live,Sockeye,Adult,4184
Situk Lower,Situk RIver,1989,7/11/1989,11-Jul,Counted live,Sockeye,Adult,2423
Situk Lower,Situk RIver,1989,7/12/1989,12-Jul,Counted live,Sockeye,Adult,1499
Situk Lower,Situk RIver,1989,7/13/1989,13-Jul,Counted live,Sockeye,Adult,1190
Situk Lower,Situk RIver,1989,7/14/1989,14-Jul,Counted live,Sockeye,Adult,548
Situk Lower,Situk RIver,1989,7/15/1989,15-Jul,Counted live,Sockeye,Adult,94
Situk Lower,Situk RIver,1989,7/16/1989,16-Jul,Counted live,Sockeye,Adult,601
Situk Lower,Situk RIver,1989,7/17/1989,17-Jul,Counted live,Sockeye,Adult,472
Situk Lower,Situk RIver,1989,7/18/1989,18-Jul,Counted live,Sockeye,Adult,937
Situk Lower,Situk RIver,1989,7/19/1989,19-Jul,Counted live,Sockeye,Adult,1156
Situk Lower,Situk RIver,1989,7/20/1989,20-Jul,Counted live,Sockeye,Adult,1017
Situk Lower,Situk RIver,1989,7/21/1989,21-Jul,Counted live,Sockeye,Adult,897
Situk Lower,Situk RIver,1989,7/22/1989,22-Jul,Counted live,Sockeye,Adult,110
Situk Lower,Situk RIver,1989,7/23/1989,23-Jul,Counted live,Sockeye,Adult,951
Situk Lower,Situk RIver,1989,7/24/1989,24-Jul,Counted live,Sockeye,Adult,70
Situk Lower,Situk RIver,1989,7/25/1989,25-Jul,Counted live,Sockeye,Adult,2758
Situk Lower,Situk RIver,1989,7/26/1989,26-Jul,Counted live,Sockeye,Adult,1649
Situk Lower,Situk RIver,1989,7/27/1989,27-Jul,Counted live,Sockeye,Adult,1136
Situk Lower,Situk RIver,1989,7/28/1989,28-Jul,Counted live,Sockeye,Adult,2267
Situk Lower,Situk RIver,1989,7/29/1989,29-Jul,Counted live,Sockeye,Adult,1654
Situk Lower,Situk RIver,1989,7/30/1989,30-Jul,Counted live,Sockeye,Adult,473
Situk Lower,Situk RIver,1989,7/31/1989,31-Jul,Counted live,Sockeye,Adult,458
Situk Lower,Situk RIver,1989,8/1/1989,1-Aug,Counted live,Sockeye,Adult,737
Situk Lower,Situk RIver,1989,8/2/1989,2-Aug,Counted live,Sockeye,Adult,1188
Situk Lower,Situk RIver,1989,8/3/1989,3-Aug,Counted live,Sockeye,Adult,1013
Situk Lower,Situk RIver,1989,8/4/1989,4-Aug,Counted live,Sockeye,Adult,1045
Situk Lower,Situk RIver,1989,8/5/1989,5-Aug,Counted live,Sockeye,Adult,250
Situk Lower,Situk RIver,1989,8/6/1989,6-Aug,Counted live,Sockeye,Adult,562
Situk Lower,Situk RIver,1989,8/7/1989,7-Aug,Counted live,Sockeye,Adult,195
Situk Lower,Situk RIver,1989,8/8/1989,8-Aug,Counted live,Sockeye,Adult,313
Situk Lower,Situk RIver,1989,8/9/1989,9-Aug,Counted live,Sockeye,Adult,255
Situk Lower,Situk RIver,1989,8/10/1989,10-Aug,Counted live,Sockeye,Adult,242
Situk Lower,Situk RIver,1989,8/11/1989,11-Aug,Counted live,Sockeye,Adult,213
Situk Lower,Situk RIver,1989,8/12/1989,12-Aug,Counted live,Sockeye,Adult,67
Situk Lower,Situk RIver,1989,8/13/1989,13-Aug,Counted live,Sockeye,Adult,332
Situk Lower,Situk RIver,1989,8/14/1989,14-Aug,Counted live,Sockeye,Adult,174
Situk Lower,Situk RIver,1989,8/15/1989,15-Aug,Counted live,Sockeye,Adult,227
Situk Lower,Situk RIver,1989,8/16/1989,16-Aug,Counted live,Sockeye,Adult,234
Situk Lower,Situk RIver,1989,8/17/1989,17-Aug,Counted live,Sockeye,Adult,11
Situk Lower,Situk RIver,1990,6/1/1990,1-Jun,Counted live,Sockeye,Adult,5
Situk Lower,Situk RIver,1990,6/2/1990,2-Jun,Counted live,Sockeye,Adult,1
Situk Lower,Situk RIver,1990,6/3/1990,3-Jun,Counted live,Sockeye,Adult,8
Situk Lower,Situk RIver,1990,6/4/1990,4-Jun,Counted live,Sockeye,Adult,4
Situk Lower,Situk RIver,1990,6/5/1990,5-Jun,Counted live,Sockeye,Adult,5
Situk Lower,Situk RIver,1990,6/6/1990,6-Jun,Counted live,Sockeye,Adult,4
Situk Lower,Situk RIver,1990,6/7/1990,7-Jun,Counted live,Sockeye,Adult,17
Situk Lower,Situk RIver,1990,6/9/1990,9-Jun,Counted live,Sockeye,Adult,15
Situk Lower,Situk RIver,1990,6/10/1990,10-Jun,Counted live,Sockeye,Adult,2
Situk Lower,Situk RIver,1990,6/11/1990,11-Jun,Counted live,Sockeye,Adult,1
Situk Lower,Situk RIver,1990,6/13/1990,13-Jun,Counted live,Sockeye,Adult,87
Situk Lower,Situk RIver,1990,6/14/1990,14-Jun,Counted live,Sockeye,Adult,263
Situk Lower,Situk RIver,1990,6/15/1990,15-Jun,Counted live,Sockeye,Adult,384
Situk Lower,Situk RIver,1990,6/16/1990,16-Jun,Counted live,Sockeye,Adult,173
Situk Lower,Situk RIver,1990,6/17/1990,17-Jun,Counted live,Sockeye,Adult,730
Situk Lower,Situk RIver,1990,6/18/1990,18-Jun,Counted live,Sockeye,Adult,1015
Situk Lower,Situk RIver,1990,6/19/1990,19-Jun,Counted live,Sockeye,Adult,2132
Situk Lower,Situk RIver,1990,6/20/1990,20-Jun,Counted live,Sockeye,Adult,34
Situk Lower,Situk RIver,1990,6/21/1990,21-Jun,Counted live,Sockeye,Adult,3310
Situk Lower,Situk RIver,1990,6/22/1990,22-Jun,Counted live,Sockeye,Adult,107
Situk Lower,Situk RIver,1990,6/23/1990,23-Jun,Counted live,Sockeye,Adult,1435
Situk Lower,Situk RIver,1990,6/24/1990,24-Jun,Counted live,Sockeye,Adult,89
Situk Lower,Situk RIver,1990,6/25/1990,25-Jun,Counted live,Sockeye,Adult,1004
Situk Lower,Situk RIver,1990,6/26/1990,26-Jun,Counted live,Sockeye,Adult,5016
Situk Lower,Situk RIver,1990,6/27/1990,27-Jun,Counted live,Sockeye,Adult,1001
Situk Lower,Situk RIver,1990,6/28/1990,28-Jun,Counted live,Sockeye,Adult,1549
Situk Lower,Situk RIver,1990,6/29/1990,29-Jun,Counted live,Sockeye,Adult,937
Situk Lower,Situk RIver,1990,6/30/1990,30-Jun,Counted live,Sockeye,Adult,1486
Situk Lower,Situk RIver,1990,7/1/1990,1-Jul,Counted live,Sockeye,Adult,190
Situk Lower,Situk RIver,1990,7/2/1990,2-Jul,Counted live,Sockeye,Adult,1100
Situk Lower,Situk RIver,1990,7/3/1990,3-Jul,Counted live,Sockeye,Adult,2948
Situk Lower,Situk RIver,1990,7/4/1990,4-Jul,Counted live,Sockeye,Adult,2833
Situk Lower,Situk RIver,1990,7/5/1990,5-Jul,Counted live,Sockeye,Adult,70
Situk Lower,Situk RIver,1990,7/6/1990,6-Jul,Counted live,Sockeye,Adult,10
Situk Lower,Situk RIver,1990,7/7/1990,7-Jul,Counted live,Sockeye,Adult,996
Situk Lower,Situk RIver,1990,7/8/1990,8-Jul,Counted live,Sockeye,Adult,709
Situk Lower,Situk RIver,1990,7/9/1990,9-Jul,Counted live,Sockeye,Adult,2109
Situk Lower,Situk RIver,1990,7/10/1990,10-Jul,Counted live,Sockeye,Adult,1482
Situk Lower,Situk RIver,1990,7/11/1990,11-Jul,Counted live,Sockeye,Adult,216
Situk Lower,Situk RIver,1990,7/12/1990,12-Jul,Counted live,Sockeye,Adult,222
Situk Lower,Situk RIver,1990,7/13/1990,13-Jul,Counted live,Sockeye,Adult,839
Situk Lower,Situk RIver,1990,7/14/1990,14-Jul,Counted live,Sockeye,Adult,560
Situk Lower,Situk RIver,1990,7/15/1990,15-Jul,Counted live,Sockeye,Adult,3556
Situk Lower,Situk RIver,1990,7/16/1990,16-Jul,Counted live,Sockeye,Adult,4923
Situk Lower,Situk RIver,1990,7/17/1990,17-Jul,Counted live,Sockeye,Adult,1751
Situk Lower,Situk RIver,1990,7/18/1990,18-Jul,Counted live,Sockeye,Adult,940
Situk Lower,Situk RIver,1990,7/19/1990,19-Jul,Counted live,Sockeye,Adult,1398
Situk Lower,Situk RIver,1990,7/20/1990,20-Jul,Counted live,Sockeye,Adult,3513
Situk Lower,Situk RIver,1990,7/21/1990,21-Jul,Counted live,Sockeye,Adult,2606
Situk Lower,Situk RIver,1990,7/22/1990,22-Jul,Counted live,Sockeye,Adult,3713
Situk Lower,Situk RIver,1990,7/23/1990,23-Jul,Counted live,Sockeye,Adult,619
Situk Lower,Situk RIver,1990,7/24/1990,24-Jul,Counted live,Sockeye,Adult,1366
Situk Lower,Situk RIver,1990,7/25/1990,25-Jul,Counted live,Sockeye,Adult,341
Situk Lower,Situk RIver,1990,7/26/1990,26-Jul,Counted live,Sockeye,Adult,280
Situk Lower,Situk RIver,1990,7/27/1990,27-Jul,Counted live,Sockeye,Adult,1118
Situk Lower,Situk RIver,1990,7/28/1990,28-Jul,Counted live,Sockeye,Adult,153
Situk Lower,Situk RIver,1991,5/9/1991,9-May,Zero fish observed,Sockeye,Adult,0
Situk Lower,Situk RIver,1991,5/10/1991,10-May,Zero fish observed,Sockeye,Adult,0
Situk Lower,Situk RIver,1991,5/11/1991,11-May,Zero fish observed,Sockeye,Adult,0
Situk Lower,Situk RIver,1991,5/28/1991,28-May,Weir closed on this date,Sockeye,Adult,
Situk Lower,Situk RIver,1991,5/29/1991,29-May,Weir closed on this date,Sockeye,Adult,
Situk Lower,Situk RIver,1991,5/30/1991,30-May,Weir closed on this date,Sockeye,Adult,
Situk Lower,Situk RIver,1991,5/31/1991,31-May,Weir closed on this date,Sockeye,Adult,
Situk Lower,Situk RIver,1991,6/1/1991,1-Jun,Weir closed on this date,Sockeye,Adult,
Situk Lower,Situk RIver,1991,6/2/1991,2-Jun,Weir closed on this date,Sockeye,Adult,
Situk Lower,Situk RIver,1991,6/3/1991,3-Jun,Weir closed on this date,Sockeye,Adult,
Situk Lower,Situk RIver,1991,6/4/1991,4-Jun,Weir closed on this date,Sockeye,Adult,
Situk Lower,Situk RIver,1991,6/5/1991,5-Jun,Weir closed on this date,Sockeye,Adult,
Situk Lower,Situk RIver,1991,6/6/1991,6-Jun,Weir closed on this date,Sockeye,Adult,
Situk Lower,Situk RIver,1991,6/7/1991,7-Jun,Weir closed on this date,Sockeye,Adult,
Situk Lower,Situk RIver,1991,6/8/1991,8-Jun,Weir closed on this date,Sockeye,Adult,
Situk Lower,Situk RIver,1991,6/9/1991,9-Jun,Weir closed on this date,Sockeye,Adult,
Situk Lower,Situk RIver,1991,6/10/1991,10-Jun,Counted live,Sockeye,Adult,2
Situk Lower,Situk RIver,1991,6/11/1991,11-Jun,Counted live,Sockeye,Adult,0
Situk Lower,Situk RIver,1991,6/12/1991,12-Jun,Counted live,Sockeye,Adult,3
Situk Lower,Situk RIver,1991,6/13/1991,13-Jun,Counted live,Sockeye,Adult,111
Situk Lower,Situk RIver,1991,6/15/1991,15-Jun,Counted live,Sockeye,Adult,170
Situk Lower,Situk RIver,1991,6/16/1991,16-Jun,Counted live,Sockeye,Adult,11
Situk Lower,Situk RIver,1991,6/19/1991,19-Jun,Counted live,Sockeye,Adult,1156
Situk Lower,Situk RIver,1991,6/20/1991,20-Jun,Counted live,Sockeye,Adult,1486
Situk Lower,Situk RIver,1991,6/21/1991,21-Jun,Counted live,Sockeye,Adult,1726
Situk Lower,Situk RIver,1991,6/22/1991,22-Jun,Counted live,Sockeye,Adult,2967
Situk Lower,Situk RIver,1991,6/23/1991,23-Jun,Counted live,Sockeye,Adult,123
Situk Lower,Situk RIver,1991,6/24/1991,24-Jun,Counted live,Sockeye,Adult,32
Situk Lower,Situk RIver,1991,6/25/1991,25-Jun,Counted live,Sockeye,Adult,1523
Situk Lower,Situk RIver,1991,6/26/1991,26-Jun,Counted live,Sockeye,Adult,203
Situk Lower,Situk RIver,1991,6/27/1991,27-Jun,Counted live,Sockeye,Adult,570
Situk Lower,Situk RIver,1991,6/28/1991,28-Jun,Counted live,Sockeye,Adult,2156
Situk Lower,Situk RIver,1991,6/29/1991,29-Jun,Counted live,Sockeye,Adult,3239
Situk Lower,Situk RIver,1991,6/30/1991,30-Jun,Counted live,Sockeye,Adult,4753
Situk Lower,Situk RIver,1991,7/1/1991,1-Jul,Counted live,Sockeye,Adult,2743
Situk Lower,Situk RIver,1991,7/2/1991,2-Jul,Counted live,Sockeye,Adult,2707
Situk Lower,Situk RIver,1991,7/3/1991,3-Jul,Counted live,Sockeye,Adult,6045
Situk Lower,Situk RIver,1991,7/4/1991,4-Jul,Counted live,Sockeye,Adult,390
Situk Lower,Situk RIver,1991,7/5/1991,5-Jul,Counted live,Sockeye,Adult,132
Situk Lower,Situk RIver,1991,7/6/1991,6-Jul,Counted live,Sockeye,Adult,1171
Situk Lower,Situk RIver,1991,7/7/1991,7-Jul,Counted live,Sockeye,Adult,1334
Situk Lower,Situk RIver,1991,7/8/1991,8-Jul,Counted live,Sockeye,Adult,833
Situk Lower,Situk RIver,1991,7/9/1991,9-Jul,Counted live,Sockeye,Adult,5578
Situk Lower,Situk RIver,1991,7/10/1991,10-Jul,Counted live,Sockeye,Adult,3682
Situk Lower,Situk RIver,1991,7/11/1991,11-Jul,Counted live,Sockeye,Adult,755
Situk Lower,Situk RIver,1991,7/11/1991,11-Jul,Estimated live,Sockeye,Adult,2000
Situk Lower,Situk RIver,1991,7/12/1991,12-Jul,Counted live,Sockeye,Adult,1233
Situk Lower,Situk RIver,1991,7/13/1991,13-Jul,Counted live,Sockeye,Adult,2907
Situk Lower,Situk RIver,1991,7/14/1991,14-Jul,Counted live,Sockeye,Adult,1979
Situk Lower,Situk RIver,1991,7/15/1991,15-Jul,Counted live,Sockeye,Adult,2595
Situk Lower,Situk RIver,1991,7/16/1991,16-Jul,Counted live,Sockeye,Adult,1562
Situk Lower,Situk RIver,1991,7/17/1991,17-Jul,Counted live,Sockeye,Adult,2638
Situk Lower,Situk RIver,1991,7/18/1991,18-Jul,Counted live,Sockeye,Adult,1481
Situk Lower,Situk RIver,1991,7/19/1991,19-Jul,Counted live,Sockeye,Adult,1894
Situk Lower,Situk RIver,1991,7/20/1991,20-Jul,Counted live,Sockeye,Adult,911
Situk Lower,Situk RIver,1991,7/21/1991,21-Jul,Counted live,Sockeye,Adult,2587
Situk Lower,Situk RIver,1991,7/22/1991,22-Jul,Counted live,Sockeye,Adult,641
Situk Lower,Situk RIver,1991,7/23/1991,23-Jul,Counted live,Sockeye,Adult,229
Situk Lower,Situk RIver,1991,7/23/1991,23-Jul,Weir mortalities,Sockeye,Adult,2
Situk Lower,Situk RIver,1991,7/24/1991,24-Jul,Estimated live,Sockeye,Adult,500
Situk Lower,Situk RIver,1991,7/25/1991,25-Jul,Counted live,Sockeye,Adult,101
Situk Lower,Situk RIver,1991,7/26/1991,26-Jul,Counted live,Sockeye,Adult,578
Situk Lower,Situk RIver,1991,7/27/1991,27-Jul,Counted live,Sockeye,Adult,300
Situk Lower,Situk RIver,1992,5/4/1992,4-May,Weir closed on this date,Sockeye,Adult,
Situk Lower,Situk RIver,1992,5/5/1992,5-May,Weir closed on this date,Sockeye,Adult,
Situk Lower,Situk RIver,1992,5/6/1992,6-May,Weir closed on this date,Sockeye,Adult,
Situk Lower,Situk RIver,1992,5/7/1992,7-May,Weir closed on this date,Sockeye,Adult,
Situk Lower,Situk RIver,1992,5/8/1992,8-May,Weir closed on this date,Sockeye,Adult,
Situk Lower,Situk RIver,1992,5/9/1992,9-May,Weir closed on this date,Sockeye,Adult,
Situk Lower,Situk RIver,1992,5/10/1992,10-May,Weir closed on this date,Sockeye,Adult,
Situk Lower,Situk RIver,1992,5/11/1992,11-May,Weir closed on this date,Sockeye,Adult,
Situk Lower,Situk RIver,1992,5/12/1992,12-May,Weir closed on this date,Sockeye,Adult,
Situk Lower,Situk RIver,1992,5/13/1992,13-May,Weir closed on this date,Sockeye,Adult,
Situk Lower,Situk RIver,1992,5/14/1992,14-May,Weir closed on this date,Sockeye,Adult,
Situk Lower,Situk RIver,1992,5/15/1992,15-May,Weir closed on this date,Sockeye,Adult,
Situk Lower,Situk RIver,1992,5/28/1992,28-May,Counted live,Sockeye,Adult,4
Situk Lower,Situk RIver,1992,5/29/1992,29-May,Counted live,Sockeye,Adult,5
Situk Lower,Situk RIver,1992,5/30/1992,30-May,Counted live,Sockeye,Adult,14
Situk Lower,Situk RIver,1992,5/31/1992,31-May,Counted live,Sockeye,Adult,2
Situk Lower,Situk RIver,1992,6/1/1992,1-Jun,Counted live,Sockeye,Adult,2
Situk Lower,Situk RIver,1992,6/2/1992,2-Jun,Counted live,Sockeye,Adult,4
Situk Lower,Situk RIver,1992,6/3/1992,3-Jun,Counted live,Sockeye,Adult,6
Situk Lower,Situk RIver,1992,6/4/1992,4-Jun,Counted live,Sockeye,Adult,7
Situk Lower,Situk RIver,1992,6/5/1992,5-Jun,Counted live,Sockeye,Adult,21
Situk Lower,Situk RIver,1992,6/6/1992,6-Jun,Counted live,Sockeye,Adult,17
Situk Lower,Situk RIver,1992,6/7/1992,7-Jun,Counted live,Sockeye,Adult,13
Situk Lower,Situk RIver,1992,6/8/1992,8-Jun,Counted live,Sockeye,Adult,31
Situk Lower,Situk RIver,1992,6/9/1992,9-Jun,Counted live,Sockeye,Adult,40
Situk Lower,Situk RIver,1992,6/10/1992,10-Jun,Counted live,Sockeye,Adult,82
Situk Lower,Situk RIver,1992,6/11/1992,11-Jun,Counted live,Sockeye,Adult,136
Situk Lower,Situk RIver,1992,6/12/1992,12-Jun,Counted live,Sockeye,Adult,199
Situk Lower,Situk RIver,1992,6/13/1992,13-Jun,Counted live,Sockeye,Adult,166
Situk Lower,Situk RIver,1992,6/14/1992,14-Jun,Counted live,Sockeye,Adult,268
Situk Lower,Situk RIver,1992,6/15/1992,15-Jun,Counted live,Sockeye,Adult,156
Situk Lower,Situk RIver,1992,6/16/1992,16-Jun,Counted live,Sockeye,Adult,28
Situk Lower,Situk RIver,1992,6/17/1992,17-Jun,Counted live,Sockeye,Adult,1024
Situk Lower,Situk RIver,1992,6/18/1992,18-Jun,Counted live,Sockeye,Adult,360
Situk Lower,Situk RIver,1992,6/19/1992,19-Jun,Counted live,Sockeye,Adult,442
Situk Lower,Situk RIver,1992,6/20/1992,20-Jun,Counted live,Sockeye,Adult,649
Situk Lower,Situk RIver,1992,6/21/1992,21-Jun,Counted live,Sockeye,Adult,608
Situk Lower,Situk RIver,1992,6/22/1992,22-Jun,Counted live,Sockeye,Adult,959
Situk Lower,Situk RIver,1992,6/23/1992,23-Jun,Counted live,Sockeye,Adult,685
Situk Lower,Situk RIver,1992,6/24/1992,24-Jun,Counted live,Sockeye,Adult,941
Situk Lower,Situk RIver,1992,6/25/1992,25-Jun,Counted live,Sockeye,Adult,528
Situk Lower,Situk RIver,1992,6/26/1992,26-Jun,Counted live,Sockeye,Adult,1076
Situk Lower,Situk RIver,1992,6/27/1992,27-Jun,Counted live,Sockeye,Adult,945
Situk Lower,Situk RIver,1992,6/28/1992,28-Jun,Counted live,Sockeye,Adult,5291
Situk Lower,Situk RIver,1992,6/29/1992,29-Jun,Counted live,Sockeye,Adult,3891
Situk Lower,Situk RIver,1992,6/30/1992,30-Jun,Counted live,Sockeye,Adult,2307
Situk Lower,Situk RIver,1992,7/1/1992,1-Jul,Counted live,Sockeye,Adult,902
Situk Lower,Situk RIver,1992,7/2/1992,2-Jul,Counted live,Sockeye,Adult,170
Situk Lower,Situk RIver,1992,7/3/1992,3-Jul,Counted live,Sockeye,Adult,729
Situk Lower,Situk RIver,1992,7/4/1992,4-Jul,Counted live,Sockeye,Adult,358
Situk Lower,Situk RIver,1992,7/5/1992,5-Jul,Counted live,Sockeye,Adult,451
Situk Lower,Situk RIver,1992,7/6/1992,6-Jul,Counted live,Sockeye,Adult,364
Situk Lower,Situk RIver,1992,7/7/1992,7-Jul,Counted live,Sockeye,Adult,3178
Situk Lower,Situk RIver,1992,7/8/1992,8-Jul,Counted live,Sockeye,Adult,1458
Situk Lower,Situk RIver,1992,7/9/1992,9-Jul,Counted live,Sockeye,Adult,562
Situk Lower,Situk RIver,1992,7/10/1992,10-Jul,Counted live,Sockeye,Adult,633
Situk Lower,Situk RIver,1992,7/11/1992,11-Jul,Counted live,Sockeye,Adult,602
Situk Lower,Situk RIver,1992,7/12/1992,12-Jul,Counted live,Sockeye,Adult,2045
Situk Lower,Situk RIver,1992,7/13/1992,13-Jul,Counted live,Sockeye,Adult,1552
Situk Lower,Situk RIver,1992,7/14/1992,14-Jul,Counted live,Sockeye,Adult,1635
Situk Lower,Situk RIver,1992,7/15/1992,15-Jul,Counted live,Sockeye,Adult,1332
Situk Lower,Situk RIver,1992,7/16/1992,16-Jul,Counted live,Sockeye,Adult,1028
Situk Lower,Situk RIver,1992,7/17/1992,17-Jul,Counted live,Sockeye,Adult,2819
Situk Lower,Situk RIver,1992,7/18/1992,18-Jul,Counted live,Sockeye,Adult,12856
Situk Lower,Situk RIver,1992,7/19/1992,19-Jul,Counted live,Sockeye,Adult,877
Situk Lower,Situk RIver,1992,7/20/1992,20-Jul,Counted live,Sockeye,Adult,4813
Situk Lower,Situk RIver,1992,7/21/1992,21-Jul,Counted live,Sockeye,Adult,3670
Situk Lower,Situk RIver,1992,7/22/1992,22-Jul,Counted live,Sockeye,Adult,558
Situk Lower,Situk RIver,1992,7/23/1992,23-Jul,Counted live,Sockeye,Adult,3597
Situk Lower,Situk RIver,1992,7/24/1992,24-Jul,Counted live,Sockeye,Adult,754
Situk Lower,Situk RIver,1992,7/25/1992,25-Jul,Counted live,Sockeye,Adult,409
Situk Lower,Situk RIver,1992,7/26/1992,26-Jul,Counted live,Sockeye,Adult,497
Situk Lower,Situk RIver,1992,7/27/1992,27-Jul,Counted live,Sockeye,Adult,628
Situk Lower,Situk RIver,1992,7/28/1992,28-Jul,Counted live,Sockeye,Adult,496
Situk Lower,Situk RIver,1992,7/29/1992,29-Jul,Counted live,Sockeye,Adult,957
Situk Lower,Situk RIver,1992,7/30/1992,30-Jul,Counted live,Sockeye,Adult,309
Situk Lower,Situk RIver,1992,7/31/1992,31-Jul,Counted live,Sockeye,Adult,1859
Situk Lower,Situk RIver,1992,8/1/1992,1-Aug,Counted live,Sockeye,Adult,1346
Situk Lower,Situk RIver,1992,8/2/1992,2-Aug,Counted live,Sockeye,Adult,908
Situk Lower,Situk RIver,1992,8/3/1992,3-Aug,Counted live,Sockeye,Adult,816
Situk Lower,Situk RIver,1992,8/4/1992,4-Aug,Counted live,Sockeye,Adult,441
Situk Lower,Situk RIver,1992,8/5/1992,5-Aug,Counted live,Sockeye,Adult,217
Situk Lower,Situk RIver,1993,6/10/1993,10-Jun,Counted live,Sockeye,Adult,373
Situk Lower,Situk RIver,1993,6/11/1993,11-Jun,Counted live,Sockeye,Adult,24
Situk Lower,Situk RIver,1993,6/12/1993,12-Jun,Counted live,Sockeye,Adult,53
Situk Lower,Situk RIver,1993,6/13/1993,13-Jun,Counted live,Sockeye,Adult,597
Situk Lower,Situk RIver,1993,6/14/1993,14-Jun,Counted live,Sockeye,Adult,1331
Situk Lower,Situk RIver,1993,6/15/1993,15-Jun,Counted live,Sockeye,Adult,592
Situk Lower,Situk RIver,1993,6/16/1993,16-Jun,Counted live,Sockeye,Adult,241
Situk Lower,Situk RIver,1993,6/17/1993,17-Jun,Counted live,Sockeye,Adult,101
Situk Lower,Situk RIver,1993,6/18/1993,18-Jun,Counted live,Sockeye,Adult,2186
Situk Lower,Situk RIver,1993,6/19/1993,19-Jun,Counted live,Sockeye,Adult,293
Situk Lower,Situk RIver,1993,6/20/1993,20-Jun,Counted live,Sockeye,Adult,2497
Situk Lower,Situk RIver,1993,6/22/1993,22-Jun,Counted live,Sockeye,Adult,739
Situk Lower,Situk RIver,1993,6/23/1993,23-Jun,Counted live,Sockeye,Adult,1805
Situk Lower,Situk RIver,1993,6/24/1993,24-Jun,Counted live,Sockeye,Adult,2343
Situk Lower,Situk RIver,1993,6/25/1993,25-Jun,Counted live,Sockeye,Adult,244
Situk Lower,Situk RIver,1993,6/26/1993,26-Jun,Counted live,Sockeye,Adult,845
Situk Lower,Situk RIver,1993,6/27/1993,27-Jun,Counted live,Sockeye,Adult,3612
Situk Lower,Situk RIver,1993,6/28/1993,28-Jun,Counted live,Sockeye,Adult,489
Situk Lower,Situk RIver,1993,6/29/1993,29-Jun,Counted live,Sockeye,Adult,545
Situk Lower,Situk RIver,1993,6/30/1993,30-Jun,Counted live,Sockeye,Adult,2721
Situk Lower,Situk RIver,1993,7/1/1993,1-Jul,Counted live,Sockeye,Adult,822
Situk Lower,Situk RIver,1993,7/2/1993,2-Jul,Counted live,Sockeye,Adult,218
Situk Lower,Situk RIver,1993,7/3/1993,3-Jul,Counted live,Sockeye,Adult,961
Situk Lower,Situk RIver,1993,7/4/1993,4-Jul,Counted live,Sockeye,Adult,733
Situk Lower,Situk RIver,1993,7/5/1993,5-Jul,Counted live,Sockeye,Adult,624
Situk Lower,Situk RIver,1993,7/6/1993,6-Jul,Counted live,Sockeye,Adult,1929
Situk Lower,Situk RIver,1993,7/7/1993,7-Jul,Counted live,Sockeye,Adult,964
Situk Lower,Situk RIver,1993,7/8/1993,8-Jul,Counted live,Sockeye,Adult,2382
Situk Lower,Situk RIver,1993,7/9/1993,9-Jul,Counted live,Sockeye,Adult,1561
Situk Lower,Situk RIver,1993,7/10/1993,10-Jul,Counted live,Sockeye,Adult,861
Situk Lower,Situk RIver,1993,7/11/1993,11-Jul,Counted live,Sockeye,Adult,1984
Situk Lower,Situk RIver,1993,7/12/1993,12-Jul,Counted live,Sockeye,Adult,2608
Situk Lower,Situk RIver,1993,7/13/1993,13-Jul,Counted live,Sockeye,Adult,287
Situk Lower,Situk RIver,1993,7/14/1993,14-Jul,Counted live,Sockeye,Adult,931
Situk Lower,Situk RIver,1993,7/15/1993,15-Jul,Counted live,Sockeye,Adult,842
Situk Lower,Situk RIver,1993,7/16/1993,16-Jul,Counted live,Sockeye,Adult,814
Situk Lower,Situk RIver,1993,7/17/1993,17-Jul,Counted live,Sockeye,Adult,146
Situk Lower,Situk RIver,1993,7/18/1993,18-Jul,Counted live,Sockeye,Adult,221
Situk Lower,Situk RIver,1993,7/19/1993,19-Jul,Counted live,Sockeye,Adult,1627
Situk Lower,Situk RIver,1993,7/20/1993,20-Jul,Counted live,Sockeye,Adult,966
Situk Lower,Situk RIver,1993,7/21/1993,21-Jul,Counted live,Sockeye,Adult,1176
Situk Lower,Situk RIver,1993,7/22/1993,22-Jul,Counted live,Sockeye,Adult,1369
Situk Lower,Situk RIver,1993,7/23/1993,23-Jul,Counted live,Sockeye,Adult,264
Situk Lower,Situk RIver,1993,7/24/1993,24-Jul,Counted live,Sockeye,Adult,1362
Situk Lower,Situk RIver,1993,7/25/1993,25-Jul,Counted live,Sockeye,Adult,901
Situk Lower,Situk RIver,1993,7/26/1993,26-Jul,Counted live,Sockeye,Adult,1374
Situk Lower,Situk RIver,1993,7/27/1993,27-Jul,Counted live,Sockeye,Adult,1259
Situk Lower,Situk RIver,1993,7/28/1993,28-Jul,Counted live,Sockeye,Adult,2463
Situk Lower,Situk RIver,1993,7/29/1993,29-Jul,Counted live,Sockeye,Adult,544
Situk Lower,Situk RIver,1993,7/30/1993,30-Jul,Counted live,Sockeye,Adult,198
Situk Lower,Situk RIver,1993,7/31/1993,31-Jul,Counted live,Sockeye,Adult,1155
Situk Lower,Situk RIver,1993,8/1/1993,1-Aug,Counted live,Sockeye,Adult,733
Situk Lower,Situk RIver,1993,8/2/1993,2-Aug,Counted live,Sockeye,Adult,1975
Situk Lower,Situk RIver,1993,8/3/1993,3-Aug,Counted live,Sockeye,Adult,2139
Situk Lower,Situk RIver,1993,8/4/1993,4-Aug,Counted live,Sockeye,Adult,1399
Situk Lower,Situk RIver,1993,8/5/1993,5-Aug,Counted live,Sockeye,Adult,687
Situk Lower,Situk RIver,1994,5/30/1994,30-May,Counted live,Sockeye,Adult,7
Situk Lower,Situk RIver,1994,5/31/1994,31-May,Counted live,Sockeye,Adult,14
Situk Lower,Situk RIver,1994,6/1/1994,1-Jun,Counted live,Sockeye,Adult,9
Situk Lower,Situk RIver,1994,6/2/1994,2-Jun,Counted live,Sockeye,Adult,17
Situk Lower,Situk RIver,1994,6/3/1994,3-Jun,Counted live,Sockeye,Adult,16
Situk Lower,Situk RIver,1994,6/4/1994,4-Jun,Counted live,Sockeye,Adult,69
Situk Lower,Situk RIver,1994,6/5/1994,5-Jun,Counted live,Sockeye,Adult,40
Situk Lower,Situk RIver,1994,6/6/1994,6-Jun,Counted live,Sockeye,Adult,90
Situk Lower,Situk RIver,1994,6/7/1994,7-Jun,Counted live,Sockeye,Adult,12
Situk Lower,Situk RIver,1994,6/8/1994,8-Jun,Counted live,Sockeye,Adult,185
Situk Lower,Situk RIver,1994,6/9/1994,9-Jun,Counted live,Sockeye,Adult,2
Situk Lower,Situk RIver,1994,6/10/1994,10-Jun,Counted live,Sockeye,Adult,307
Situk Lower,Situk RIver,1994,6/11/1994,11-Jun,Counted live,Sockeye,Adult,21
Situk Lower,Situk RIver,1994,6/12/1994,12-Jun,Counted live,Sockeye,Adult,393
Situk Lower,Situk RIver,1994,6/13/1994,13-Jun,Counted live,Sockeye,Adult,19
Situk Lower,Situk RIver,1994,6/14/1994,14-Jun,Counted live,Sockeye,Adult,5
Situk Lower,Situk RIver,1994,6/15/1994,15-Jun,Counted live,Sockeye,Adult,1008
Situk Lower,Situk RIver,1994,6/16/1994,16-Jun,Counted live,Sockeye,Adult,722
Situk Lower,Situk RIver,1994,6/17/1994,17-Jun,Counted live,Sockeye,Adult,366
Situk Lower,Situk RIver,1994,6/18/1994,18-Jun,Counted live,Sockeye,Adult,248
Situk Lower,Situk RIver,1994,6/19/1994,19-Jun,Counted live,Sockeye,Adult,43
Situk Lower,Situk RIver,1994,6/20/1994,20-Jun,Counted live,Sockeye,Adult,48
Situk Lower,Situk RIver,1994,6/21/1994,21-Jun,Counted live,Sockeye,Adult,519
Situk Lower,Situk RIver,1994,6/22/1994,22-Jun,Counted live,Sockeye,Adult,1359
Situk Lower,Situk RIver,1994,6/23/1994,23-Jun,Counted live,Sockeye,Adult,2640
Situk Lower,Situk RIver,1994,6/24/1994,24-Jun,Counted live,Sockeye,Adult,208
Situk Lower,Situk RIver,1994,6/25/1994,25-Jun,Counted live,Sockeye,Adult,1710
Situk Lower,Situk RIver,1994,6/26/1994,26-Jun,Counted live,Sockeye,Adult,728
Situk Lower,Situk RIver,1994,6/27/1994,27-Jun,Counted live,Sockeye,Adult,241
Situk Lower,Situk RIver,1994,6/28/1994,28-Jun,Counted live,Sockeye,Adult,530
Situk Lower,Situk RIver,1994,6/29/1994,29-Jun,Counted live,Sockeye,Adult,2162
Situk Lower,Situk RIver,1994,6/30/1994,30-Jun,Counted live,Sockeye,Adult,3558
Situk Lower,Situk RIver,1994,7/1/1994,1-Jul,Counted live,Sockeye,Adult,274
Situk Lower,Situk RIver,1994,7/2/1994,2-Jul,Counted live,Sockeye,Adult,1551
Situk Lower,Situk RIver,1994,7/3/1994,3-Jul,Counted live,Sockeye,Adult,2518
Situk Lower,Situk RIver,1994,7/4/1994,4-Jul,Counted live,Sockeye,Adult,711
Situk Lower,Situk RIver,1994,7/5/1994,5-Jul,Counted live,Sockeye,Adult,4638
Situk Lower,Situk RIver,1994,7/6/1994,6-Jul,Counted live,Sockeye,Adult,645
Situk Lower,Situk RIver,1994,7/7/1994,7-Jul,Counted live,Sockeye,Adult,1017
Situk Lower,Situk RIver,1994,7/8/1994,8-Jul,Counted live,Sockeye,Adult,656
Situk Lower,Situk RIver,1994,7/9/1994,9-Jul,Counted live,Sockeye,Adult,164
Situk Lower,Situk RIver,1994,7/10/1994,10-Jul,Counted live,Sockeye,Adult,1613
Situk Lower,Situk RIver,1994,7/11/1994,11-Jul,Counted live,Sockeye,Adult,2720
Situk Lower,Situk RIver,1994,7/12/1994,12-Jul,Counted live,Sockeye,Adult,3422
Situk Lower,Situk RIver,1994,7/13/1994,13-Jul,Counted live,Sockeye,Adult,1307
Situk Lower,Situk RIver,1994,7/14/1994,14-Jul,Counted live,Sockeye,Adult,1468
Situk Lower,Situk RIver,1994,7/15/1994,15-Jul,Counted live,Sockeye,Adult,1806
Situk Lower,Situk RIver,1994,7/16/1994,16-Jul,Counted live,Sockeye,Adult,731
Situk Lower,Situk RIver,1994,7/17/1994,17-Jul,Counted live,Sockeye,Adult,461
Situk Lower,Situk RIver,1994,7/18/1994,18-Jul,Counted live,Sockeye,Adult,2828
Situk Lower,Situk RIver,1994,7/19/1994,19-Jul,Counted live,Sockeye,Adult,2208
Situk Lower,Situk RIver,1994,7/20/1994,20-Jul,Counted live,Sockeye,Adult,3174
Situk Lower,Situk RIver,1994,7/21/1994,21-Jul,Counted live,Sockeye,Adult,487
Situk Lower,Situk RIver,1994,7/22/1994,22-Jul,Counted live,Sockeye,Adult,1075
Situk Lower,Situk RIver,1994,7/23/1994,23-Jul,Counted live,Sockeye,Adult,1457
Situk Lower,Situk RIver,1994,7/24/1994,24-Jul,Counted live,Sockeye,Adult,2444
Situk Lower,Situk RIver,1994,7/25/1994,25-Jul,Counted live,Sockeye,Adult,1848
Situk Lower,Situk RIver,1994,7/26/1994,26-Jul,Counted live,Sockeye,Adult,2313
Situk Lower,Situk RIver,1994,7/27/1994,27-Jul,Counted live,Sockeye,Adult,2443
Situk Lower,Situk RIver,1994,7/28/1994,28-Jul,Counted live,Sockeye,Adult,2784
Situk Lower,Situk RIver,1994,7/29/1994,29-Jul,Counted live,Sockeye,Adult,492
Situk Lower,Situk RIver,1994,7/30/1994,30-Jul,Counted live,Sockeye,Adult,2398
Situk Lower,Situk RIver,1994,7/31/1994,31-Jul,Counted live,Sockeye,Adult,378
Situk Lower,Situk RIver,1994,8/1/1994,1-Aug,Counted live,Sockeye,Adult,892
Situk Lower,Situk RIver,1994,8/2/1994,2-Aug,Counted live,Sockeye,Adult,429
Situk Lower,Situk RIver,1994,8/3/1994,3-Aug,Counted live,Sockeye,Adult,944
Situk Lower,Situk RIver,1994,8/4/1994,4-Aug,Counted live,Sockeye,Adult,882
Situk Lower,Situk RIver,1995,5/28/1995,28-May,Counted live,Sockeye,Adult,1
Situk Lower,Situk RIver,1995,5/30/1995,30-May,Counted live,Sockeye,Adult,2
Situk Lower,Situk RIver,1995,6/4/1995,4-Jun,Counted live,Sockeye,Adult,11
Situk Lower,Situk RIver,1995,6/5/1995,5-Jun,Counted live,Sockeye,Adult,15
Situk Lower,Situk RIver,1995,6/6/1995,6-Jun,Counted live,Sockeye,Adult,6
Situk Lower,Situk RIver,1995,6/9/1995,9-Jun,Counted live,Sockeye,Adult,121
Situk Lower,Situk RIver,1995,6/10/1995,10-Jun,Counted live,Sockeye,Adult,5
Situk Lower,Situk RIver,1995,6/11/1995,11-Jun,Counted live,Sockeye,Adult,24
Situk Lower,Situk RIver,1995,6/14/1995,14-Jun,Counted live,Sockeye,Adult,4
Situk Lower,Situk RIver,1995,6/15/1995,15-Jun,Counted live,Sockeye,Adult,20
Situk Lower,Situk RIver,1995,6/16/1995,16-Jun,Counted live,Sockeye,Adult,265
Situk Lower,Situk RIver,1995,6/17/1995,17-Jun,Counted live,Sockeye,Adult,207
Situk Lower,Situk RIver,1995,6/18/1995,18-Jun,Counted live,Sockeye,Adult,662
Situk Lower,Situk RIver,1995,6/19/1995,19-Jun,Counted live,Sockeye,Adult,57
Situk Lower,Situk RIver,1995,6/20/1995,20-Jun,Counted live,Sockeye,Adult,1091
Situk Lower,Situk RIver,1995,6/21/1995,21-Jun,Counted live,Sockeye,Adult,929
Situk Lower,Situk RIver,1995,6/22/1995,22-Jun,Counted live,Sockeye,Adult,1886
Situk Lower,Situk RIver,1995,6/23/1995,23-Jun,Counted live,Sockeye,Adult,1299
Situk Lower,Situk RIver,1995,6/24/1995,24-Jun,Counted live,Sockeye,Adult,3087
Situk Lower,Situk RIver,1995,6/25/1995,25-Jun,Counted live,Sockeye,Adult,138
Situk Lower,Situk RIver,1995,6/26/1995,26-Jun,Counted live,Sockeye,Adult,223
Situk Lower,Situk RIver,1995,6/27/1995,27-Jun,Counted live,Sockeye,Adult,2753
Situk Lower,Situk RIver,1995,6/28/1995,28-Jun,Counted live,Sockeye,Adult,1711
Situk Lower,Situk RIver,1995,6/29/1995,29-Jun,Counted live,Sockeye,Adult,754
Situk Lower,Situk RIver,1995,6/30/1995,30-Jun,Counted live,Sockeye,Adult,7
Situk Lower,Situk RIver,1995,7/1/1995,1-Jul,Counted live,Sockeye,Adult,1070
Situk Lower,Situk RIver,1995,7/2/1995,2-Jul,Counted live,Sockeye,Adult,423
Situk Lower,Situk RIver,1995,7/3/1995,3-Jul,Counted live,Sockeye,Adult,822
Situk Lower,Situk RIver,1995,7/4/1995,4-Jul,Counted live,Sockeye,Adult,764
Situk Lower,Situk RIver,1995,7/5/1995,5-Jul,Counted live,Sockeye,Adult,1178
Situk Lower,Situk RIver,1995,7/6/1995,6-Jul,Counted live,Sockeye,Adult,791
Situk Lower,Situk RIver,1995,7/7/1995,7-Jul,Counted live,Sockeye,Adult,1543
Situk Lower,Situk RIver,1995,7/8/1995,8-Jul,Counted live,Sockeye,Adult,598
Situk Lower,Situk RIver,1995,7/9/1995,9-Jul,Counted live,Sockeye,Adult,1707
Situk Lower,Situk RIver,1995,7/10/1995,10-Jul,Counted live,Sockeye,Adult,327
Situk Lower,Situk RIver,1995,7/11/1995,11-Jul,Counted live,Sockeye,Adult,70
Situk Lower,Situk RIver,1995,7/12/1995,12-Jul,Counted live,Sockeye,Adult,854
Situk Lower,Situk RIver,1995,7/13/1995,13-Jul,Counted live,Sockeye,Adult,927
Situk Lower,Situk RIver,1995,7/14/1995,14-Jul,Counted live,Sockeye,Adult,477
Situk Lower,Situk RIver,1995,7/15/1995,15-Jul,Counted live,Sockeye,Adult,661
Situk Lower,Situk RIver,1995,7/16/1995,16-Jul,Counted live,Sockeye,Adult,241
Situk Lower,Situk RIver,1995,7/17/1995,17-Jul,Counted live,Sockeye,Adult,1069
Situk Lower,Situk RIver,1995,7/18/1995,18-Jul,Counted live,Sockeye,Adult,1166
Situk Lower,Situk RIver,1995,7/19/1995,19-Jul,Counted live,Sockeye,Adult,339
Situk Lower,Situk RIver,1995,7/20/1995,20-Jul,Counted live,Sockeye,Adult,1650
Situk Lower,Situk RIver,1995,7/21/1995,21-Jul,Counted live,Sockeye,Adult,58
Situk Lower,Situk RIver,1995,7/22/1995,22-Jul,Counted live,Sockeye,Adult,869
Situk Lower,Situk RIver,1995,7/23/1995,23-Jul,Counted live,Sockeye,Adult,225
Situk Lower,Situk RIver,1995,7/24/1995,24-Jul,Counted live,Sockeye,Adult,432
Situk Lower,Situk RIver,1995,7/25/1995,25-Jul,Counted live,Sockeye,Adult,1938
Situk Lower,Situk RIver,1995,7/26/1995,26-Jul,Counted live,Sockeye,Adult,122
Situk Lower,Situk RIver,1995,7/27/1995,27-Jul,Counted live,Sockeye,Adult,554
Situk Lower,Situk RIver,1995,7/28/1995,28-Jul,Counted live,Sockeye,Adult,774
Situk Lower,Situk RIver,1995,7/29/1995,29-Jul,Counted live,Sockeye,Adult,806
Situk Lower,Situk RIver,1995,7/30/1995,30-Jul,Counted live,Sockeye,Adult,1847
Situk Lower,Situk RIver,1995,7/31/1995,31-Jul,Counted live,Sockeye,Adult,1300
Situk Lower,Situk RIver,1995,8/1/1995,1-Aug,Counted live,Sockeye,Adult,701
Situk Lower,Situk RIver,1995,8/2/1995,2-Aug,Counted live,Sockeye,Adult,653
Situk Lower,Situk RIver,1995,8/3/1995,3-Aug,Counted live,Sockeye,Adult,229
Situk Lower,Situk RIver,1996,6/5/1996,5-Jun,Counted live,Sockeye,Adult,4
Situk Lower,Situk RIver,1996,6/6/1996,6-Jun,Counted live,Sockeye,Adult,2
Situk Lower,Situk RIver,1996,6/7/1996,7-Jun,Counted live,Sockeye,Adult,1
Situk Lower,Situk RIver,1996,6/8/1996,8-Jun,Counted live,Sockeye,Adult,6
Situk Lower,Situk RIver,1996,6/13/1996,13-Jun,Counted live,Sockeye,Adult,78
Situk Lower,Situk RIver,1996,6/14/1996,14-Jun,Counted live,Sockeye,Adult,7
Situk Lower,Situk RIver,1996,6/15/1996,15-Jun,Counted live,Sockeye,Adult,4
Situk Lower,Situk RIver,1996,6/16/1996,16-Jun,Counted live,Sockeye,Adult,90
Situk Lower,Situk RIver,1996,6/17/1996,17-Jun,Counted live,Sockeye,Adult,228
Situk Lower,Situk RIver,1996,6/18/1996,18-Jun,Counted live,Sockeye,Adult,62
Situk Lower,Situk RIver,1996,6/19/1996,19-Jun,Counted live,Sockeye,Adult,1289
Situk Lower,Situk RIver,1996,6/20/1996,20-Jun,Counted live,Sockeye,Adult,2857
Situk Lower,Situk RIver,1996,6/21/1996,21-Jun,Counted live,Sockeye,Adult,1340
Situk Lower,Situk RIver,1996,6/22/1996,22-Jun,Counted live,Sockeye,Adult,476
Situk Lower,Situk RIver,1996,6/23/1996,23-Jun,Counted live,Sockeye,Adult,2010
Situk Lower,Situk RIver,1996,6/24/1996,24-Jun,Counted live,Sockeye,Adult,334
Situk Lower,Situk RIver,1996,6/25/1996,25-Jun,Counted live,Sockeye,Adult,1080
Situk Lower,Situk RIver,1996,6/26/1996,26-Jun,Counted live,Sockeye,Adult,169
Situk Lower,Situk RIver,1996,6/27/1996,27-Jun,Counted live,Sockeye,Adult,2536
Situk Lower,Situk RIver,1996,6/28/1996,28-Jun,Counted live,Sockeye,Adult,3066
Situk Lower,Situk RIver,1996,6/29/1996,29-Jun,Counted live,Sockeye,Adult,848
Situk Lower,Situk RIver,1996,6/30/1996,30-Jun,Counted live,Sockeye,Adult,218
Situk Lower,Situk RIver,1996,7/1/1996,1-Jul,Counted live,Sockeye,Adult,1114
Situk Lower,Situk RIver,1996,7/2/1996,2-Jul,Counted live,Sockeye,Adult,2057
Situk Lower,Situk RIver,1996,7/3/1996,3-Jul,Counted live,Sockeye,Adult,2292
Situk Lower,Situk RIver,1996,7/4/1996,4-Jul,Counted live,Sockeye,Adult,861
Situk Lower,Situk RIver,1996,7/5/1996,5-Jul,Counted live,Sockeye,Adult,1821
Situk Lower,Situk RIver,1996,7/6/1996,6-Jul,Counted live,Sockeye,Adult,1521
Situk Lower,Situk RIver,1996,7/7/1996,7-Jul,Counted live,Sockeye,Adult,2323
Situk Lower,Situk RIver,1996,7/8/1996,8-Jul,Counted live,Sockeye,Adult,408
Situk Lower,Situk RIver,1996,7/9/1996,9-Jul,Counted live,Sockeye,Adult,4559
Situk Lower,Situk RIver,1996,7/10/1996,10-Jul,Counted live,Sockeye,Adult,1534
Situk Lower,Situk RIver,1996,7/11/1996,11-Jul,Counted live,Sockeye,Adult,1172
Situk Lower,Situk RIver,1996,7/12/1996,12-Jul,Counted live,Sockeye,Adult,418
Situk Lower,Situk RIver,1996,7/13/1996,13-Jul,Counted live,Sockeye,Adult,314
Situk Lower,Situk RIver,1996,7/14/1996,14-Jul,Counted live,Sockeye,Adult,727
Situk Lower,Situk RIver,1996,7/15/1996,15-Jul,Counted live,Sockeye,Adult,1131
Situk Lower,Situk RIver,1996,7/16/1996,16-Jul,Counted live,Sockeye,Adult,1053
Situk Lower,Situk RIver,1996,7/17/1996,17-Jul,Counted live,Sockeye,Adult,1913
Situk Lower,Situk RIver,1996,7/18/1996,18-Jul,Counted live,Sockeye,Adult,3262
Situk Lower,Situk RIver,1996,7/19/1996,19-Jul,Counted live,Sockeye,Adult,443
Situk Lower,Situk RIver,1996,7/20/1996,20-Jul,Counted live,Sockeye,Adult,344
Situk Lower,Situk RIver,1996,7/21/1996,21-Jul,Counted live,Sockeye,Adult,2402
Situk Lower,Situk RIver,1996,7/22/1996,22-Jul,Counted live,Sockeye,Adult,1222
Situk Lower,Situk RIver,1996,7/23/1996,23-Jul,Counted live,Sockeye,Adult,397
Situk Lower,Situk RIver,1996,7/24/1996,24-Jul,Counted live,Sockeye,Adult,818
Situk Lower,Situk RIver,1996,7/25/1996,25-Jul,Counted live,Sockeye,Adult,304
Situk Lower,Situk RIver,1996,7/26/1996,26-Jul,Counted live,Sockeye,Adult,784
Situk Lower,Situk RIver,1996,7/27/1996,27-Jul,Counted live,Sockeye,Adult,629
Situk Lower,Situk RIver,1996,7/28/1996,28-Jul,Counted live,Sockeye,Adult,740
Situk Lower,Situk RIver,1996,7/29/1996,29-Jul,Counted live,Sockeye,Adult,585
Situk Lower,Situk RIver,1996,7/30/1996,30-Jul,Counted live,Sockeye,Adult,77
Situk Lower,Situk RIver,1996,7/31/1996,31-Jul,Counted live,Sockeye,Adult,881
Situk Lower,Situk RIver,1996,8/1/1996,1-Aug,Counted live,Sockeye,Adult,310
Situk Lower,Situk RIver,1996,8/2/1996,2-Aug,Counted live,Sockeye,Adult,1713
Situk Lower,Situk RIver,1996,8/3/1996,3-Aug,Counted live,Sockeye,Adult,991
Situk Lower,Situk RIver,1996,8/4/1996,4-Aug,Counted live,Sockeye,Adult,708
Situk Lower,Situk RIver,1996,8/5/1996,5-Aug,Counted live,Sockeye,Adult,905
Situk Lower,Situk RIver,1996,8/6/1996,6-Aug,Counted live,Sockeye,Adult,1831
Situk Lower,Situk RIver,1997,6/1/1997,1-Jun,Counted live,Sockeye,Adult,197
Situk Lower,Situk RIver,1997,6/2/1997,2-Jun,Counted live,Sockeye,Adult,344
Situk Lower,Situk RIver,1997,6/3/1997,3-Jun,Counted live,Sockeye,Adult,198
Situk Lower,Situk RIver,1997,6/5/1997,5-Jun,Downstream migration,Sockeye,Adult,1
Situk Lower,Situk RIver,1997,6/6/1997,6-Jun,Counted live,Sockeye,Adult,609
Situk Lower,Situk RIver,1997,6/7/1997,7-Jun,Counted live,Sockeye,Adult,6
Situk Lower,Situk RIver,1997,6/8/1997,8-Jun,Counted live,Sockeye,Adult,184
Situk Lower,Situk RIver,1997,6/9/1997,9-Jun,Counted live,Sockeye,Adult,1191
Situk Lower,Situk RIver,1997,6/10/1997,10-Jun,Counted live,Sockeye,Adult,3
Situk Lower,Situk RIver,1997,6/12/1997,12-Jun,Counted live,Sockeye,Adult,22
Situk Lower,Situk RIver,1997,6/13/1997,13-Jun,Counted live,Sockeye,Adult,90
Situk Lower,Situk RIver,1997,6/14/1997,14-Jun,Counted live,Sockeye,Adult,1019
Situk Lower,Situk RIver,1997,6/15/1997,15-Jun,Counted live,Sockeye,Adult,141
Situk Lower,Situk RIver,1997,6/16/1997,16-Jun,Counted live,Sockeye,Adult,878
Situk Lower,Situk RIver,1997,6/17/1997,17-Jun,Counted live,Sockeye,Adult,64
Situk Lower,Situk RIver,1997,6/19/1997,19-Jun,Counted live,Sockeye,Adult,726
Situk Lower,Situk RIver,1997,6/20/1997,20-Jun,Counted live,Sockeye,Adult,716
Situk Lower,Situk RIver,1997,6/21/1997,21-Jun,Counted live,Sockeye,Adult,237
Situk Lower,Situk RIver,1997,6/22/1997,22-Jun,Counted live,Sockeye,Adult,251
Situk Lower,Situk RIver,1997,6/23/1997,23-Jun,Counted live,Sockeye,Adult,1330
Situk Lower,Situk RIver,1997,6/24/1997,24-Jun,Counted live,Sockeye,Adult,114
Situk Lower,Situk RIver,1997,6/25/1997,25-Jun,Counted live,Sockeye,Adult,313
Situk Lower,Situk RIver,1997,6/26/1997,26-Jun,Counted live,Sockeye,Adult,352
Situk Lower,Situk RIver,1997,6/27/1997,27-Jun,Counted live,Sockeye,Adult,1402
Situk Lower,Situk RIver,1997,6/28/1997,28-Jun,Counted live,Sockeye,Adult,757
Situk Lower,Situk RIver,1997,6/29/1997,29-Jun,Counted live,Sockeye,Adult,2292
Situk Lower,Situk RIver,1997,6/30/1997,30-Jun,Counted live,Sockeye,Adult,841
Situk Lower,Situk RIver,1997,7/1/1997,1-Jul,Counted live,Sockeye,Adult,210
Situk Lower,Situk RIver,1997,7/2/1997,2-Jul,Counted live,Sockeye,Adult,50
Situk Lower,Situk RIver,1997,7/3/1997,3-Jul,Counted live,Sockeye,Adult,1348
Situk Lower,Situk RIver,1997,7/4/1997,4-Jul,Counted live,Sockeye,Adult,1148
Situk Lower,Situk RIver,1997,7/5/1997,5-Jul,Counted live,Sockeye,Adult,1503
Situk Lower,Situk RIver,1997,7/6/1997,6-Jul,Counted live,Sockeye,Adult,455
Situk Lower,Situk RIver,1997,7/7/1997,7-Jul,Counted live,Sockeye,Adult,1368
Situk Lower,Situk RIver,1997,7/8/1997,8-Jul,Counted live,Sockeye,Adult,291
Situk Lower,Situk RIver,1997,7/9/1997,9-Jul,Counted live,Sockeye,Adult,58
Situk Lower,Situk RIver,1997,7/10/1997,10-Jul,Counted live,Sockeye,Adult,552
Situk Lower,Situk RIver,1997,7/11/1997,11-Jul,Counted live,Sockeye,Adult,1053
Situk Lower,Situk RIver,1997,7/12/1997,12-Jul,Counted live,Sockeye,Adult,2385
Situk Lower,Situk RIver,1997,7/13/1997,13-Jul,Counted live,Sockeye,Adult,971
Situk Lower,Situk RIver,1997,7/14/1997,14-Jul,Counted live,Sockeye,Adult,167
Situk Lower,Situk RIver,1997,7/15/1997,15-Jul,Counted live,Sockeye,Adult,349
Situk Lower,Situk RIver,1997,7/16/1997,16-Jul,Counted live,Sockeye,Adult,785
Situk Lower,Situk RIver,1997,7/17/1997,17-Jul,Counted live,Sockeye,Adult,595
Situk Lower,Situk RIver,1997,7/18/1997,18-Jul,Counted live,Sockeye,Adult,1488
Situk Lower,Situk RIver,1997,7/19/1997,19-Jul,Counted live,Sockeye,Adult,831
Situk Lower,Situk RIver,1997,7/20/1997,20-Jul,Counted live,Sockeye,Adult,638
Situk Lower,Situk RIver,1997,7/21/1997,21-Jul,Counted live,Sockeye,Adult,1125
Situk Lower,Situk RIver,1997,7/22/1997,22-Jul,Counted live,Sockeye,Adult,566
Situk Lower,Situk RIver,1997,7/23/1997,23-Jul,Counted live,Sockeye,Adult,765
Situk Lower,Situk RIver,1997,7/24/1997,24-Jul,Counted live,Sockeye,Adult,637
Situk Lower,Situk RIver,1997,7/25/1997,25-Jul,Counted live,Sockeye,Adult,699
Situk Lower,Situk RIver,1997,7/26/1997,26-Jul,Counted live,Sockeye,Adult,847
Situk Lower,Situk RIver,1997,7/27/1997,27-Jul,Counted live,Sockeye,Adult,973
Situk Lower,Situk RIver,1997,7/28/1997,28-Jul,Counted live,Sockeye,Adult,1177
Situk Lower,Situk RIver,1997,7/29/1997,29-Jul,Counted live,Sockeye,Adult,639
Situk Lower,Situk RIver,1997,7/30/1997,30-Jul,Counted live,Sockeye,Adult,859
Situk Lower,Situk RIver,1997,7/31/1997,31-Jul,Counted live,Sockeye,Adult,489
Situk Lower,Situk RIver,1997,8/1/1997,1-Aug,Counted live,Sockeye,Adult,400
Situk Lower,Situk RIver,1997,8/2/1997,2-Aug,Counted live,Sockeye,Adult,322
Situk Lower,Situk RIver,1997,8/3/1997,3-Aug,Counted live,Sockeye,Adult,409
Situk Lower,Situk RIver,1997,8/4/1997,4-Aug,Counted live,Sockeye,Adult,331
Situk Lower,Situk RIver,1997,8/5/1997,5-Aug,Counted live,Sockeye,Adult,152
Situk Lower,Situk RIver,1997,8/6/1997,6-Aug,Counted live,Sockeye,Adult,628
Situk Lower,Situk RIver,1997,8/7/1997,7-Aug,Counted live,Sockeye,Adult,510
Situk Lower,Situk RIver,1998,5/5/1998,5-May,Zero fish observed,Sockeye,Adult,0
Situk Lower,Situk RIver,1998,5/6/1998,6-May,Zero fish observed,Sockeye,Adult,0
Situk Lower,Situk RIver,1998,5/25/1998,25-May,Counted live,Sockeye,Adult,3
Situk Lower,Situk RIver,1998,5/26/1998,26-May,Counted live,Sockeye,Adult,8
Situk Lower,Situk RIver,1998,5/31/1998,31-May,Counted live,Sockeye,Adult,10
Situk Lower,Situk RIver,1998,6/1/1998,1-Jun,Counted live,Sockeye,Adult,9
Situk Lower,Situk RIver,1998,6/2/1998,2-Jun,Counted live,Sockeye,Adult,23
Situk Lower,Situk RIver,1998,6/4/1998,4-Jun,Counted live,Sockeye,Adult,14
Situk Lower,Situk RIver,1998,6/5/1998,5-Jun,Counted live,Sockeye,Adult,21
Situk Lower,Situk RIver,1998,6/6/1998,6-Jun,Counted live,Sockeye,Adult,34
Situk Lower,Situk RIver,1998,6/7/1998,7-Jun,Counted live,Sockeye,Adult,13
Situk Lower,Situk RIver,1998,6/8/1998,8-Jun,Counted live,Sockeye,Adult,2
Situk Lower,Situk RIver,1998,6/9/1998,9-Jun,Counted live,Sockeye,Adult,16
Situk Lower,Situk RIver,1998,6/11/1998,11-Jun,Counted live,Sockeye,Adult,301
Situk Lower,Situk RIver,1998,6/12/1998,12-Jun,Counted live,Sockeye,Adult,744
Situk Lower,Situk RIver,1998,6/13/1998,13-Jun,Counted live,Sockeye,Adult,809
Situk Lower,Situk RIver,1998,6/14/1998,14-Jun,Counted live,Sockeye,Adult,530
Situk Lower,Situk RIver,1998,6/15/1998,15-Jun,Zero fish observed,Sockeye,Adult,0
Situk Lower,Situk RIver,1998,6/16/1998,16-Jun,Counted live,Sockeye,Adult,11
Situk Lower,Situk RIver,1998,6/17/1998,17-Jun,Counted live,Sockeye,Adult,241
Situk Lower,Situk RIver,1998,6/18/1998,18-Jun,Counted live,Sockeye,Adult,178
Situk Lower,Situk RIver,1998,6/20/1998,20-Jun,Counted live,Sockeye,Adult,132
Situk Lower,Situk RIver,1998,6/21/1998,21-Jun,Counted live,Sockeye,Adult,1191
Situk Lower,Situk RIver,1998,6/21/1998,21-Jun,Weir mortalities,Sockeye,Adult,1
Situk Lower,Situk RIver,1998,6/22/1998,22-Jun,Counted live,Sockeye,Adult,1955
Situk Lower,Situk RIver,1998,6/23/1998,23-Jun,Counted live,Sockeye,Adult,377
Situk Lower,Situk RIver,1998,6/24/1998,24-Jun,Counted live,Sockeye,Adult,84
Situk Lower,Situk RIver,1998,6/25/1998,25-Jun,Counted live,Sockeye,Adult,2
Situk Lower,Situk RIver,1998,6/26/1998,26-Jun,Counted live,Sockeye,Adult,76
Situk Lower,Situk RIver,1998,6/27/1998,27-Jun,Counted live,Sockeye,Adult,603
Situk Lower,Situk RIver,1998,6/28/1998,28-Jun,Counted live,Sockeye,Adult,2
Situk Lower,Situk RIver,1998,6/29/1998,29-Jun,Counted live,Sockeye,Adult,994
Situk Lower,Situk RIver,1998,6/30/1998,30-Jun,Counted live,Sockeye,Adult,1062
Situk Lower,Situk RIver,1998,7/1/1998,1-Jul,Counted live,Sockeye,Adult,520
Situk Lower,Situk RIver,1998,7/2/1998,2-Jul,Counted live,Sockeye,Adult,602
Situk Lower,Situk RIver,1998,7/3/1998,3-Jul,Counted live,Sockeye,Adult,1639
Situk Lower,Situk RIver,1998,7/4/1998,4-Jul,Counted live,Sockeye,Adult,213
Situk Lower,Situk RIver,1998,7/5/1998,5-Jul,Counted live,Sockeye,Adult,26
Situk Lower,Situk RIver,1998,7/6/1998,6-Jul,Counted live,Sockeye,Adult,3715
Situk Lower,Situk RIver,1998,7/7/1998,7-Jul,Counted live,Sockeye,Adult,2495
Situk Lower,Situk RIver,1998,7/8/1998,8-Jul,Counted live,Sockeye,Adult,2060
Situk Lower,Situk RIver,1998,7/9/1998,9-Jul,Counted live,Sockeye,Adult,1830
Situk Lower,Situk RIver,1998,7/10/1998,10-Jul,Counted live,Sockeye,Adult,614
Situk Lower,Situk RIver,1998,7/11/1998,11-Jul,Counted live,Sockeye,Adult,1392
Situk Lower,Situk RIver,1998,7/12/1998,12-Jul,Counted live,Sockeye,Adult,2217
Situk Lower,Situk RIver,1998,7/13/1998,13-Jul,Counted live,Sockeye,Adult,3856
Situk Lower,Situk RIver,1998,7/14/1998,14-Jul,Counted live,Sockeye,Adult,3646
Situk Lower,Situk RIver,1998,7/15/1998,15-Jul,Counted live,Sockeye,Adult,631
Situk Lower,Situk RIver,1998,7/16/1998,16-Jul,Counted live,Sockeye,Adult,1935
Situk Lower,Situk RIver,1998,7/17/1998,17-Jul,Counted live,Sockeye,Adult,606
Situk Lower,Situk RIver,1998,7/18/1998,18-Jul,Counted live,Sockeye,Adult,2216
Situk Lower,Situk RIver,1998,7/19/1998,19-Jul,Counted live,Sockeye,Adult,561
Situk Lower,Situk RIver,1998,7/20/1998,20-Jul,Counted live,Sockeye,Adult,308
Situk Lower,Situk RIver,1998,7/21/1998,21-Jul,Counted live,Sockeye,Adult,69
Situk Lower,Situk RIver,1998,7/22/1998,22-Jul,Counted live,Sockeye,Adult,1680
Situk Lower,Situk RIver,1998,7/23/1998,23-Jul,Counted live,Sockeye,Adult,208
Situk Lower,Situk RIver,1998,7/24/1998,24-Jul,Counted live,Sockeye,Adult,224
Situk Lower,Situk RIver,1998,7/25/1998,25-Jul,Counted live,Sockeye,Adult,112
Situk Lower,Situk RIver,1998,7/26/1998,26-Jul,Counted live,Sockeye,Adult,220
Situk Lower,Situk RIver,1998,7/27/1998,27-Jul,Counted live,Sockeye,Adult,710
Situk Lower,Situk RIver,1998,7/28/1998,28-Jul,Counted live,Sockeye,Adult,1084
Situk Lower,Situk RIver,1998,7/29/1998,29-Jul,Counted live,Sockeye,Adult,1005
Situk Lower,Situk RIver,1998,7/30/1998,30-Jul,Counted live,Sockeye,Adult,549
Situk Lower,Situk RIver,1998,7/31/1998,31-Jul,Counted live,Sockeye,Adult,652
Situk Lower,Situk RIver,1998,8/1/1998,1-Aug,Counted live,Sockeye,Adult,907
Situk Lower,Situk RIver,1998,8/2/1998,2-Aug,Counted live,Sockeye,Adult,673
Situk Lower,Situk RIver,1998,8/3/1998,3-Aug,Counted live,Sockeye,Adult,1177
Situk Lower,Situk RIver,1998,8/4/1998,4-Aug,Counted live,Sockeye,Adult,285
Situk Lower,Situk RIver,1998,8/5/1998,5-Aug,Counted live,Sockeye,Adult,464
Situk Lower,Situk RIver,1999,5/9/1999,9-May,Zero fish observed,Sockeye,Adult,0
Situk Lower,Situk RIver,1999,5/10/1999,10-May,Zero fish observed,Sockeye,Adult,0
Situk Lower,Situk RIver,1999,5/11/1999,11-May,Zero fish observed,Sockeye,Adult,0
Situk Lower,Situk RIver,1999,5/12/1999,12-May,Zero fish observed,Sockeye,Adult,0
Situk Lower,Situk RIver,1999,5/13/1999,13-May,Zero fish observed,Sockeye,Adult,0
Situk Lower,Situk RIver,1999,5/25/1999,25-May,Zero fish observed,Sockeye,Adult,0
Situk Lower,Situk RIver,1999,6/2/1999,2-Jun,Counted live,Sockeye,Adult,3
Situk Lower,Situk RIver,1999,6/3/1999,3-Jun,Counted live,Sockeye,Adult,3
Situk Lower,Situk RIver,1999,6/4/1999,4-Jun,Counted live,Sockeye,Adult,1
Situk Lower,Situk RIver,1999,6/5/1999,5-Jun,Counted live,Sockeye,Adult,16
Situk Lower,Situk RIver,1999,6/6/1999,6-Jun,Counted live,Sockeye,Adult,1
Situk Lower,Situk RIver,1999,6/7/1999,7-Jun,Counted live,Sockeye,Adult,11
Situk Lower,Situk RIver,1999,6/12/1999,12-Jun,Counted live,Sockeye,Adult,10
Situk Lower,Situk RIver,1999,6/13/1999,13-Jun,Counted live,Sockeye,Adult,431
Situk Lower,Situk RIver,1999,6/15/1999,15-Jun,Counted live,Sockeye,Adult,574
Situk Lower,Situk RIver,1999,6/16/1999,16-Jun,Counted live,Sockeye,Adult,278
Situk Lower,Situk RIver,1999,6/18/1999,18-Jun,Counted live,Sockeye,Adult,187
Situk Lower,Situk RIver,1999,6/19/1999,19-Jun,Counted live,Sockeye,Adult,50
Situk Lower,Situk RIver,1999,6/20/1999,20-Jun,Counted live,Sockeye,Adult,254
Situk Lower,Situk RIver,1999,6/21/1999,21-Jun,Counted live,Sockeye,Adult,2572
Situk Lower,Situk RIver,1999,6/22/1999,22-Jun,Counted live,Sockeye,Adult,6
Situk Lower,Situk RIver,1999,6/23/1999,23-Jun,Counted live,Sockeye,Adult,1253
Situk Lower,Situk RIver,1999,6/24/1999,24-Jun,Counted live,Sockeye,Adult,519
Situk Lower,Situk RIver,1999,6/25/1999,25-Jun,Counted live,Sockeye,Adult,979
Situk Lower,Situk RIver,1999,6/26/1999,26-Jun,Counted live,Sockeye,Adult,121
Situk Lower,Situk RIver,1999,6/27/1999,27-Jun,Counted live,Sockeye,Adult,950
Situk Lower,Situk RIver,1999,6/28/1999,28-Jun,Counted live,Sockeye,Adult,1270
Situk Lower,Situk RIver,1999,6/29/1999,29-Jun,Counted live,Sockeye,Adult,1239
Situk Lower,Situk RIver,1999,6/30/1999,30-Jun,Counted live,Sockeye,Adult,1741
Situk Lower,Situk RIver,1999,7/1/1999,1-Jul,Counted live,Sockeye,Adult,1979
Situk Lower,Situk RIver,1999,7/2/1999,2-Jul,Counted live,Sockeye,Adult,512
Situk Lower,Situk RIver,1999,7/3/1999,3-Jul,Counted live,Sockeye,Adult,2130
Situk Lower,Situk RIver,1999,7/4/1999,4-Jul,Counted live,Sockeye,Adult,4268
Situk Lower,Situk RIver,1999,7/5/1999,5-Jul,Counted live,Sockeye,Adult,2016
Situk Lower,Situk RIver,1999,7/6/1999,6-Jul,Counted live,Sockeye,Adult,719
Situk Lower,Situk RIver,1999,7/7/1999,7-Jul,Counted live,Sockeye,Adult,2284
Situk Lower,Situk RIver,1999,7/8/1999,8-Jul,Counted live,Sockeye,Adult,131
Situk Lower,Situk RIver,1999,7/9/1999,9-Jul,Counted live,Sockeye,Adult,511
Situk Lower,Situk RIver,1999,7/10/1999,10-Jul,Counted live,Sockeye,Adult,2556
Situk Lower,Situk RIver,1999,7/11/1999,11-Jul,Counted live,Sockeye,Adult,282
Situk Lower,Situk RIver,1999,7/12/1999,12-Jul,Counted live,Sockeye,Adult,62
Situk Lower,Situk RIver,1999,7/13/1999,13-Jul,Counted live,Sockeye,Adult,1356
Situk Lower,Situk RIver,1999,7/14/1999,14-Jul,Counted live,Sockeye,Adult,1202
Situk Lower,Situk RIver,1999,7/15/1999,15-Jul,Counted live,Sockeye,Adult,1369
Situk Lower,Situk RIver,1999,7/16/1999,16-Jul,Counted live,Sockeye,Adult,2425
Situk Lower,Situk RIver,1999,7/17/1999,17-Jul,Counted live,Sockeye,Adult,729
Situk Lower,Situk RIver,1999,7/18/1999,18-Jul,Counted live,Sockeye,Adult,183
Situk Lower,Situk RIver,1999,7/19/1999,19-Jul,Counted live,Sockeye,Adult,3689
Situk Lower,Situk RIver,1999,7/20/1999,20-Jul,Counted live,Sockeye,Adult,3887
Situk Lower,Situk RIver,1999,7/21/1999,21-Jul,Counted live,Sockeye,Adult,311
Situk Lower,Situk RIver,1999,7/22/1999,22-Jul,Counted live,Sockeye,Adult,1769
Situk Lower,Situk RIver,1999,7/23/1999,23-Jul,Counted live,Sockeye,Adult,2493
Situk Lower,Situk RIver,1999,7/24/1999,24-Jul,Counted live,Sockeye,Adult,214
Situk Lower,Situk RIver,1999,7/25/1999,25-Jul,Counted live,Sockeye,Adult,67
Situk Lower,Situk RIver,1999,7/26/1999,26-Jul,Counted live,Sockeye,Adult,784
Situk Lower,Situk RIver,1999,7/27/1999,27-Jul,Counted live,Sockeye,Adult,1977
Situk Lower,Situk RIver,1999,7/28/1999,28-Jul,Counted live,Sockeye,Adult,1514
Situk Lower,Situk RIver,1999,7/29/1999,29-Jul,Counted live,Sockeye,Adult,544
Situk Lower,Situk RIver,1999,7/30/1999,30-Jul,Counted live,Sockeye,Adult,219
Situk Lower,Situk RIver,1999,7/31/1999,31-Jul,Counted live,Sockeye,Adult,369
Situk Lower,Situk RIver,1999,8/1/1999,1-Aug,Counted live,Sockeye,Adult,569
Situk Lower,Situk RIver,1999,8/2/1999,2-Aug,Counted live,Sockeye,Adult,933
Situk Lower,Situk RIver,1999,8/3/1999,3-Aug,Counted live,Sockeye,Adult,3135
Situk Lower,Situk RIver,1999,8/4/1999,4-Aug,Counted live,Sockeye,Adult,935
Situk Lower,Situk RIver,1999,8/5/1999,5-Aug,Counted live,Sockeye,Adult,459
Situk Lower,Situk RIver,1999,8/6/1999,6-Aug,Counted live,Sockeye,Adult,493
Situk Lower,Situk RIver,2000,5/8/2000,8-May,Zero fish observed,Sockeye,Adult,0
Situk Lower,Situk RIver,2000,5/9/2000,9-May,Zero fish observed,Sockeye,Adult,0
Situk Lower,Situk RIver,2000,5/29/2000,29-May,Counted live,Sockeye,Adult,1
Situk Lower,Situk RIver,2000,5/30/2000,30-May,Counted live,Sockeye,Adult,1
Situk Lower,Situk RIver,2000,6/4/2000,4-Jun,Counted live,Sockeye,Adult,4
Situk Lower,Situk RIver,2000,6/6/2000,6-Jun,Counted live,Sockeye,Adult,5
Situk Lower,Situk RIver,2000,6/7/2000,7-Jun,Counted live,Sockeye,Adult,35
Situk Lower,Situk RIver,2000,6/8/2000,8-Jun,Counted live,Sockeye,Adult,2
Situk Lower,Situk RIver,2000,6/9/2000,9-Jun,Counted live,Sockeye,Adult,171
Situk Lower,Situk RIver,2000,6/10/2000,10-Jun,Counted live,Sockeye,Adult,547
Situk Lower,Situk RIver,2000,6/14/2000,14-Jun,Counted live,Sockeye,Adult,258
Situk Lower,Situk RIver,2000,6/15/2000,15-Jun,Counted live,Sockeye,Adult,2363
Situk Lower,Situk RIver,2000,6/16/2000,16-Jun,Counted live,Sockeye,Adult,11
Situk Lower,Situk RIver,2000,6/17/2000,17-Jun,Counted live,Sockeye,Adult,1607
Situk Lower,Situk RIver,2000,6/18/2000,18-Jun,Counted live,Sockeye,Adult,2143
Situk Lower,Situk RIver,2000,6/19/2000,19-Jun,Counted live,Sockeye,Adult,82
Situk Lower,Situk RIver,2000,6/20/2000,20-Jun,Counted live,Sockeye,Adult,1222
Situk Lower,Situk RIver,2000,6/21/2000,21-Jun,Counted live,Sockeye,Adult,422
Situk Lower,Situk RIver,2000,6/22/2000,22-Jun,Counted live,Sockeye,Adult,14
Situk Lower,Situk RIver,2000,6/23/2000,23-Jun,Counted live,Sockeye,Adult,267
Situk Lower,Situk RIver,2000,6/24/2000,24-Jun,Counted live,Sockeye,Adult,124
Situk Lower,Situk RIver,2000,6/25/2000,25-Jun,Counted live,Sockeye,Adult,277
Situk Lower,Situk RIver,2000,6/26/2000,26-Jun,Counted live,Sockeye,Adult,674
Situk Lower,Situk RIver,2000,6/27/2000,27-Jun,Counted live,Sockeye,Adult,336
Situk Lower,Situk RIver,2000,6/28/2000,28-Jun,Counted live,Sockeye,Adult,860
Situk Lower,Situk RIver,2000,6/29/2000,29-Jun,Counted live,Sockeye,Adult,398
Situk Lower,Situk RIver,2000,6/30/2000,30-Jun,Counted live,Sockeye,Adult,1101
Situk Lower,Situk RIver,2000,7/1/2000,1-Jul,Counted live,Sockeye,Adult,2379
Situk Lower,Situk RIver,2000,7/2/2000,2-Jul,Counted live,Sockeye,Adult,2260
Situk Lower,Situk RIver,2000,7/3/2000,3-Jul,Counted live,Sockeye,Adult,1936
Situk Lower,Situk RIver,2000,7/4/2000,4-Jul,Counted live,Sockeye,Adult,783
Situk Lower,Situk RIver,2000,7/5/2000,5-Jul,Counted live,Sockeye,Adult,1
Situk Lower,Situk RIver,2000,7/6/2000,6-Jul,Counted live,Sockeye,Adult,456
Situk Lower,Situk RIver,2000,7/7/2000,7-Jul,Counted live,Sockeye,Adult,197
Situk Lower,Situk RIver,2000,7/8/2000,8-Jul,Counted live,Sockeye,Adult,1710
Situk Lower,Situk RIver,2000,7/9/2000,9-Jul,Counted live,Sockeye,Adult,1028
Situk Lower,Situk RIver,2000,7/10/2000,10-Jul,Counted live,Sockeye,Adult,2185
Situk Lower,Situk RIver,2000,7/11/2000,11-Jul,Counted live,Sockeye,Adult,103
Situk Lower,Situk RIver,2000,7/12/2000,12-Jul,Counted live,Sockeye,Adult,754
Situk Lower,Situk RIver,2000,7/13/2000,13-Jul,Counted live,Sockeye,Adult,205
Situk Lower,Situk RIver,2000,7/14/2000,14-Jul,Counted live,Sockeye,Adult,404
Situk Lower,Situk RIver,2000,7/15/2000,15-Jul,Counted live,Sockeye,Adult,403
Situk Lower,Situk RIver,2000,7/16/2000,16-Jul,Counted live,Sockeye,Adult,25
Situk Lower,Situk RIver,2000,7/17/2000,17-Jul,Counted live,Sockeye,Adult,1353
Situk Lower,Situk RIver,2000,7/18/2000,18-Jul,Counted live,Sockeye,Adult,776
Situk Lower,Situk RIver,2000,7/19/2000,19-Jul,Counted live,Sockeye,Adult,260
Situk Lower,Situk RIver,2000,7/20/2000,20-Jul,Counted live,Sockeye,Adult,154
Situk Lower,Situk RIver,2000,7/21/2000,21-Jul,Counted live,Sockeye,Adult,235
Situk Lower,Situk RIver,2000,7/22/2000,22-Jul,Counted live,Sockeye,Adult,1335
Situk Lower,Situk RIver,2000,7/23/2000,23-Jul,Counted live,Sockeye,Adult,374
Situk Lower,Situk RIver,2000,7/24/2000,24-Jul,Counted live,Sockeye,Adult,19
Situk Lower,Situk RIver,2000,7/25/2000,25-Jul,Counted live,Sockeye,Adult,434
Situk Lower,Situk RIver,2000,7/26/2000,26-Jul,Counted live,Sockeye,Adult,1378
Situk Lower,Situk RIver,2000,7/27/2000,27-Jul,Counted live,Sockeye,Adult,1626
Situk Lower,Situk RIver,2000,7/28/2000,28-Jul,Counted live,Sockeye,Adult,1571
Situk Lower,Situk RIver,2000,7/29/2000,29-Jul,Counted live,Sockeye,Adult,583
Situk Lower,Situk RIver,2000,7/30/2000,30-Jul,Counted live,Sockeye,Adult,1031
Situk Lower,Situk RIver,2000,7/31/2000,31-Jul,Counted live,Sockeye,Adult,170
Situk Lower,Situk RIver,2000,8/1/2000,1-Aug,Counted live,Sockeye,Adult,70
Situk Lower,Situk RIver,2000,8/2/2000,2-Aug,Counted live,Sockeye,Adult,465
Situk Lower,Situk RIver,2000,8/3/2000,3-Aug,Counted live,Sockeye,Adult,276
Situk Lower,Situk RIver,2000,8/4/2000,4-Aug,Counted live,Sockeye,Adult,495
Situk Lower,Situk RIver,2000,8/5/2000,5-Aug,Counted live,Sockeye,Adult,376
Situk Lower,Situk RIver,2000,8/6/2000,6-Aug,Counted live,Sockeye,Adult,265
Situk Lower,Situk RIver,2000,8/7/2000,7-Aug,Counted live,Sockeye,Adult,361
Situk Lower,Situk RIver,2000,8/8/2000,8-Aug,Counted live,Sockeye,Adult,193
Situk Lower,Situk RIver,2001,5/25/2001,25-May,Counted live,Sockeye,Adult,3
Situk Lower,Situk RIver,2001,5/26/2001,26-May,Counted live,Sockeye,Adult,2
Situk Lower,Situk RIver,2001,5/27/2001,27-May,Counted live,Sockeye,Adult,11
Situk Lower,Situk RIver,2001,5/29/2001,29-May,Counted live,Sockeye,Adult,6
Situk Lower,Situk RIver,2001,5/30/2001,30-May,Counted live,Sockeye,Adult,13
Situk Lower,Situk RIver,2001,6/1/2001,1-Jun,Counted live,Sockeye,Adult,172
Situk Lower,Situk RIver,2001,6/2/2001,2-Jun,Counted live,Sockeye,Adult,5
Situk Lower,Situk RIver,2001,6/3/2001,3-Jun,Counted live,Sockeye,Adult,11
Situk Lower,Situk RIver,2001,6/5/2001,5-Jun,Counted live,Sockeye,Adult,98
Situk Lower,Situk RIver,2001,6/6/2001,6-Jun,Counted live,Sockeye,Adult,562
Situk Lower,Situk RIver,2001,6/7/2001,7-Jun,Counted live,Sockeye,Adult,709
Situk Lower,Situk RIver,2001,6/8/2001,8-Jun,Counted live,Sockeye,Adult,1459
Situk Lower,Situk RIver,2001,6/9/2001,9-Jun,Counted live,Sockeye,Adult,496
Situk Lower,Situk RIver,2001,6/10/2001,10-Jun,Counted live,Sockeye,Adult,796
Situk Lower,Situk RIver,2001,6/11/2001,11-Jun,Counted live,Sockeye,Adult,178
Situk Lower,Situk RIver,2001,6/12/2001,12-Jun,Counted live,Sockeye,Adult,3
Situk Lower,Situk RIver,2001,6/14/2001,14-Jun,Counted live,Sockeye,Adult,519
Situk Lower,Situk RIver,2001,6/15/2001,15-Jun,Counted live,Sockeye,Adult,707
Situk Lower,Situk RIver,2001,6/16/2001,16-Jun,Counted live,Sockeye,Adult,351
Situk Lower,Situk RIver,2001,6/17/2001,17-Jun,Counted live,Sockeye,Adult,424
Situk Lower,Situk RIver,2001,6/18/2001,18-Jun,Counted live,Sockeye,Adult,1477
Situk Lower,Situk RIver,2001,6/19/2001,19-Jun,Counted live,Sockeye,Adult,85
Situk Lower,Situk RIver,2001,6/20/2001,20-Jun,Counted live,Sockeye,Adult,309
Situk Lower,Situk RIver,2001,6/21/2001,21-Jun,Counted live,Sockeye,Adult,144
Situk Lower,Situk RIver,2001,6/22/2001,22-Jun,Counted live,Sockeye,Adult,710
Situk Lower,Situk RIver,2001,6/23/2001,23-Jun,Counted live,Sockeye,Adult,962
Situk Lower,Situk RIver,2001,6/24/2001,24-Jun,Counted live,Sockeye,Adult,1938
Situk Lower,Situk RIver,2001,6/25/2001,25-Jun,Counted live,Sockeye,Adult,866
Situk Lower,Situk RIver,2001,6/26/2001,26-Jun,Counted live,Sockeye,Adult,849
Situk Lower,Situk RIver,2001,6/27/2001,27-Jun,Counted live,Sockeye,Adult,1432
Situk Lower,Situk RIver,2001,6/28/2001,28-Jun,Counted live,Sockeye,Adult,181
Situk Lower,Situk RIver,2001,6/29/2001,29-Jun,Counted live,Sockeye,Adult,311
Situk Lower,Situk RIver,2001,6/30/2001,30-Jun,Counted live,Sockeye,Adult,1918
Situk Lower,Situk RIver,2001,7/1/2001,1-Jul,Counted live,Sockeye,Adult,1453
Situk Lower,Situk RIver,2001,7/2/2001,2-Jul,Counted live,Sockeye,Adult,3161
Situk Lower,Situk RIver,2001,7/3/2001,3-Jul,Counted live,Sockeye,Adult,498
Situk Lower,Situk RIver,2001,7/4/2001,4-Jul,Counted live,Sockeye,Adult,47
Situk Lower,Situk RIver,2001,7/5/2001,5-Jul,Counted live,Sockeye,Adult,302
Situk Lower,Situk RIver,2001,7/6/2001,6-Jul,Counted live,Sockeye,Adult,1379
Situk Lower,Situk RIver,2001,7/7/2001,7-Jul,Counted live,Sockeye,Adult,648
Situk Lower,Situk RIver,2001,7/8/2001,8-Jul,Counted live,Sockeye,Adult,1464
Situk Lower,Situk RIver,2001,7/9/2001,9-Jul,Counted live,Sockeye,Adult,807
Situk Lower,Situk RIver,2001,7/10/2001,10-Jul,Counted live,Sockeye,Adult,307
Situk Lower,Situk RIver,2001,7/11/2001,11-Jul,Counted live,Sockeye,Adult,138
Situk Lower,Situk RIver,2001,7/12/2001,12-Jul,Counted live,Sockeye,Adult,44
Situk Lower,Situk RIver,2001,7/13/2001,13-Jul,Counted live,Sockeye,Adult,936
Situk Lower,Situk RIver,2001,7/14/2001,14-Jul,Counted live,Sockeye,Adult,3217
Situk Lower,Situk RIver,2001,7/15/2001,15-Jul,Counted live,Sockeye,Adult,2134
Situk Lower,Situk RIver,2001,7/16/2001,16-Jul,Counted live,Sockeye,Adult,2716
Situk Lower,Situk RIver,2001,7/17/2001,17-Jul,Counted live,Sockeye,Adult,2610
Situk Lower,Situk RIver,2001,7/18/2001,18-Jul,Counted live,Sockeye,Adult,984
Situk Lower,Situk RIver,2001,7/19/2001,19-Jul,Counted live,Sockeye,Adult,2432
Situk Lower,Situk RIver,2001,7/20/2001,20-Jul,Counted live,Sockeye,Adult,2365
Situk Lower,Situk RIver,2001,7/21/2001,21-Jul,Counted live,Sockeye,Adult,1611
Situk Lower,Situk RIver,2001,7/22/2001,22-Jul,Counted live,Sockeye,Adult,2117
Situk Lower,Situk RIver,2001,7/23/2001,23-Jul,Counted live,Sockeye,Adult,603
Situk Lower,Situk RIver,2001,7/24/2001,24-Jul,Counted live,Sockeye,Adult,331
Situk Lower,Situk RIver,2001,7/25/2001,25-Jul,Counted live,Sockeye,Adult,1410
Situk Lower,Situk RIver,2001,7/26/2001,26-Jul,Counted live,Sockeye,Adult,1530
Situk Lower,Situk RIver,2001,7/27/2001,27-Jul,Counted live,Sockeye,Adult,1453
Situk Lower,Situk RIver,2001,7/28/2001,28-Jul,Counted live,Sockeye,Adult,555
Situk Lower,Situk RIver,2001,7/29/2001,29-Jul,Counted live,Sockeye,Adult,723
Situk Lower,Situk RIver,2001,7/30/2001,30-Jul,Counted live,Sockeye,Adult,1317
Situk Lower,Situk RIver,2001,7/31/2001,31-Jul,Counted live,Sockeye,Adult,337
Situk Lower,Situk RIver,2001,8/1/2001,1-Aug,Counted live,Sockeye,Adult,454
Situk Lower,Situk RIver,2001,8/2/2001,2-Aug,Counted live,Sockeye,Adult,363
Situk Lower,Situk RIver,2001,8/3/2001,3-Aug,Counted live,Sockeye,Adult,855
Situk Lower,Situk RIver,2001,8/4/2001,4-Aug,Counted live,Sockeye,Adult,507
Situk Lower,Situk RIver,2001,8/5/2001,5-Aug,Counted live,Sockeye,Adult,615
Situk Lower,Situk RIver,2001,8/6/2001,6-Aug,Counted live,Sockeye,Adult,117
Situk Lower,Situk RIver,2001,8/7/2001,7-Aug,Counted live,Sockeye,Adult,27
Situk Lower,Situk RIver,2001,8/8/2001,8-Aug,Counted live,Sockeye,Adult,60
Situk Lower,Situk RIver,2002,5/10/2002,10-May,Zero fish observed,Sockeye,Adult,0
Situk Lower,Situk RIver,2002,5/21/2002,21-May,Downstream migration,Sockeye,Adult,1
Situk Lower,Situk RIver,2002,5/27/2002,27-May,Counted live,Sockeye,Adult,2
Situk Lower,Situk RIver,2002,5/28/2002,28-May,Counted live,Sockeye,Adult,2
Situk Lower,Situk RIver,2002,5/30/2002,30-May,Counted live,Sockeye,Adult,5
Situk Lower,Situk RIver,2002,5/31/2002,31-May,Counted live,Sockeye,Adult,19
Situk Lower,Situk RIver,2002,6/1/2002,1-Jun,Counted live,Sockeye,Adult,28
Situk Lower,Situk RIver,2002,6/2/2002,2-Jun,Counted live,Sockeye,Adult,57
Situk Lower,Situk RIver,2002,6/4/2002,4-Jun,Counted live,Sockeye,Adult,110
Situk Lower,Situk RIver,2002,6/5/2002,5-Jun,Counted live,Sockeye,Adult,126
Situk Lower,Situk RIver,2002,6/7/2002,7-Jun,Counted live,Sockeye,Adult,274
Situk Lower,Situk RIver,2002,6/8/2002,8-Jun,Counted live,Sockeye,Adult,5
Situk Lower,Situk RIver,2002,6/9/2002,9-Jun,Counted live,Sockeye,Adult,541
Situk Lower,Situk RIver,2002,6/10/2002,10-Jun,Counted live,Sockeye,Adult,783
Situk Lower,Situk RIver,2002,6/11/2002,11-Jun,Counted live,Sockeye,Adult,42
Situk Lower,Situk RIver,2002,6/12/2002,12-Jun,Counted live,Sockeye,Adult,288
Situk Lower,Situk RIver,2002,6/14/2002,14-Jun,Counted live,Sockeye,Adult,223
Situk Lower,Situk RIver,2002,6/15/2002,15-Jun,Counted live,Sockeye,Adult,1465
Situk Lower,Situk RIver,2002,6/16/2002,16-Jun,Counted live,Sockeye,Adult,1457
Situk Lower,Situk RIver,2002,6/17/2002,17-Jun,Counted live,Sockeye,Adult,110
Situk Lower,Situk RIver,2002,6/18/2002,18-Jun,Counted live,Sockeye,Adult,618
Situk Lower,Situk RIver,2002,6/19/2002,19-Jun,Counted live,Sockeye,Adult,94
Situk Lower,Situk RIver,2002,6/20/2002,20-Jun,Counted live,Sockeye,Adult,1885
Situk Lower,Situk RIver,2002,6/21/2002,21-Jun,Counted live,Sockeye,Adult,1230
Situk Lower,Situk RIver,2002,6/22/2002,22-Jun,Counted live,Sockeye,Adult,2523
Situk Lower,Situk RIver,2002,6/23/2002,23-Jun,Counted live,Sockeye,Adult,1233
Situk Lower,Situk RIver,2002,6/24/2002,24-Jun,Counted live,Sockeye,Adult,1857
Situk Lower,Situk RIver,2002,6/25/2002,25-Jun,Counted live,Sockeye,Adult,1246
Situk Lower,Situk RIver,2002,6/26/2002,26-Jun,Counted live,Sockeye,Adult,73
Situk Lower,Situk RIver,2002,6/27/2002,27-Jun,Counted live,Sockeye,Adult,992
Situk Lower,Situk RIver,2002,6/28/2002,28-Jun,Counted live,Sockeye,Adult,2763
Situk Lower,Situk RIver,2002,6/29/2002,29-Jun,Counted live,Sockeye,Adult,475
Situk Lower,Situk RIver,2002,6/30/2002,30-Jun,Counted live,Sockeye,Adult,2405
Situk Lower,Situk RIver,2002,7/1/2002,1-Jul,Counted live,Sockeye,Adult,1208
Situk Lower,Situk RIver,2002,7/2/2002,2-Jul,Counted live,Sockeye,Adult,722
Situk Lower,Situk RIver,2002,7/3/2002,3-Jul,Counted live,Sockeye,Adult,1322
Situk Lower,Situk RIver,2002,7/4/2002,4-Jul,Counted live,Sockeye,Adult,357
Situk Lower,Situk RIver,2002,7/5/2002,5-Jul,Counted live,Sockeye,Adult,868
Situk Lower,Situk RIver,2002,7/6/2002,6-Jul,Counted live,Sockeye,Adult,1877
Situk Lower,Situk RIver,2002,7/7/2002,7-Jul,Counted live,Sockeye,Adult,7643
Situk Lower,Situk RIver,2002,7/8/2002,8-Jul,Counted live,Sockeye,Adult,2757
Situk Lower,Situk RIver,2002,7/9/2002,9-Jul,Counted live,Sockeye,Adult,1583
Situk Lower,Situk RIver,2002,7/10/2002,10-Jul,Counted live,Sockeye,Adult,58
Situk Lower,Situk RIver,2002,7/11/2002,11-Jul,Counted live,Sockeye,Adult,2747
Situk Lower,Situk RIver,2002,7/12/2002,12-Jul,Counted live,Sockeye,Adult,723
Situk Lower,Situk RIver,2002,7/13/2002,13-Jul,Counted live,Sockeye,Adult,5533
Situk Lower,Situk RIver,2002,7/14/2002,14-Jul,Counted live,Sockeye,Adult,2378
Situk Lower,Situk RIver,2002,7/15/2002,15-Jul,Counted live,Sockeye,Adult,528
Situk Lower,Situk RIver,2002,7/16/2002,16-Jul,Counted live,Sockeye,Adult,5315
Situk Lower,Situk RIver,2002,7/17/2002,17-Jul,Counted live,Sockeye,Adult,112
Situk Lower,Situk RIver,2002,7/18/2002,18-Jul,Counted live,Sockeye,Adult,2524
Situk Lower,Situk RIver,2002,7/19/2002,19-Jul,Zero fish observed,Sockeye,Adult,0
Situk Lower,Situk RIver,2002,7/20/2002,20-Jul,Counted live,Sockeye,Adult,609
Situk Lower,Situk RIver,2002,7/21/2002,21-Jul,Counted live,Sockeye,Adult,172
Situk Lower,Situk RIver,2002,7/22/2002,22-Jul,Counted live,Sockeye,Adult,19
Situk Lower,Situk RIver,2002,7/23/2002,23-Jul,Counted live,Sockeye,Adult,821
Situk Lower,Situk RIver,2002,7/24/2002,24-Jul,Counted live,Sockeye,Adult,503
Situk Lower,Situk RIver,2002,7/25/2002,25-Jul,Counted live,Sockeye,Adult,15
Situk Lower,Situk RIver,2002,7/26/2002,26-Jul,Counted live,Sockeye,Adult,203
Situk Lower,Situk RIver,2002,7/27/2002,27-Jul,Counted live,Sockeye,Adult,97
Situk Lower,Situk RIver,2002,7/28/2002,28-Jul,Counted live,Sockeye,Adult,69
Situk Lower,Situk RIver,2002,7/29/2002,29-Jul,Counted live,Sockeye,Adult,236
Situk Lower,Situk RIver,2002,7/30/2002,30-Jul,Counted live,Sockeye,Adult,1108
Situk Lower,Situk RIver,2002,7/31/2002,31-Jul,Counted live,Sockeye,Adult,215
Situk Lower,Situk RIver,2002,8/1/2002,1-Aug,Counted live,Sockeye,Adult,517
Situk Lower,Situk RIver,2002,8/2/2002,2-Aug,Counted live,Sockeye,Adult,351
Situk Lower,Situk RIver,2002,8/3/2002,3-Aug,Counted live,Sockeye,Adult,798
Situk Lower,Situk RIver,2002,8/4/2002,4-Aug,Counted live,Sockeye,Adult,868
Situk Lower,Situk RIver,2002,8/5/2002,5-Aug,Counted live,Sockeye,Adult,828
Situk Lower,Situk RIver,2002,8/6/2002,6-Aug,Counted live,Sockeye,Adult,127
Situk Lower,Situk RIver,2002,8/7/2002,7-Aug,Counted live,Sockeye,Adult,31
Situk Lower,Situk RIver,2002,8/8/2002,8-Aug,Weir closed on this date,Sockeye,Adult,
Situk Lower,Situk RIver,2003,5/27/2003,27-May,Counted live,Sockeye,Adult,3
Situk Lower,Situk RIver,2003,5/28/2003,28-May,Counted live,Sockeye,Adult,9
Situk Lower,Situk RIver,2003,5/30/2003,30-May,Counted live,Sockeye,Adult,15
Situk Lower,Situk RIver,2003,5/31/2003,31-May,Counted live,Sockeye,Adult,8
Situk Lower,Situk RIver,2003,6/1/2003,1-Jun,Counted live,Sockeye,Adult,1
Situk Lower,Situk RIver,2003,6/2/2003,2-Jun,Counted live,Sockeye,Adult,300
Situk Lower,Situk RIver,2003,6/3/2003,3-Jun,Counted live,Sockeye,Adult,183
Situk Lower,Situk RIver,2003,6/4/2003,4-Jun,Counted live,Sockeye,Adult,355
Situk Lower,Situk RIver,2003,6/5/2003,5-Jun,Counted live,Sockeye,Adult,7
Situk Lower,Situk RIver,2003,6/6/2003,6-Jun,Counted live,Sockeye,Adult,1146
Situk Lower,Situk RIver,2003,6/7/2003,7-Jun,Counted live,Sockeye,Adult,70
Situk Lower,Situk RIver,2003,6/8/2003,8-Jun,Counted live,Sockeye,Adult,174
Situk Lower,Situk RIver,2003,6/9/2003,9-Jun,Counted live,Sockeye,Adult,960
Situk Lower,Situk RIver,2003,6/10/2003,10-Jun,Counted live,Sockeye,Adult,414
Situk Lower,Situk RIver,2003,6/11/2003,11-Jun,Counted live,Sockeye,Adult,453
Situk Lower,Situk RIver,2003,6/12/2003,12-Jun,Counted live,Sockeye,Adult,65
Situk Lower,Situk RIver,2003,6/13/2003,13-Jun,Counted live,Sockeye,Adult,104
Situk Lower,Situk RIver,2003,6/14/2003,14-Jun,Counted live,Sockeye,Adult,2098
Situk Lower,Situk RIver,2003,6/15/2003,15-Jun,Counted live,Sockeye,Adult,1092
Situk Lower,Situk RIver,2003,6/16/2003,16-Jun,Counted live,Sockeye,Adult,128
Situk Lower,Situk RIver,2003,6/17/2003,17-Jun,Counted live,Sockeye,Adult,322
Situk Lower,Situk RIver,2003,6/18/2003,18-Jun,Counted live,Sockeye,Adult,1262
Situk Lower,Situk RIver,2003,6/19/2003,19-Jun,Counted live,Sockeye,Adult,500
Situk Lower,Situk RIver,2003,6/20/2003,20-Jun,Counted live,Sockeye,Adult,274
Situk Lower,Situk RIver,2003,6/21/2003,21-Jun,Counted live,Sockeye,Adult,486
Situk Lower,Situk RIver,2003,6/22/2003,22-Jun,Counted live,Sockeye,Adult,1366
Situk Lower,Situk RIver,2003,6/23/2003,23-Jun,Counted live,Sockeye,Adult,317
Situk Lower,Situk RIver,2003,6/24/2003,24-Jun,Counted live,Sockeye,Adult,1540
Situk Lower,Situk RIver,2003,6/25/2003,25-Jun,Counted live,Sockeye,Adult,672
Situk Lower,Situk RIver,2003,6/26/2003,26-Jun,Counted live,Sockeye,Adult,1216
Situk Lower,Situk RIver,2003,6/27/2003,27-Jun,Counted live,Sockeye,Adult,1539
Situk Lower,Situk RIver,2003,6/28/2003,28-Jun,Counted live,Sockeye,Adult,1211
Situk Lower,Situk RIver,2003,6/29/2003,29-Jun,Counted live,Sockeye,Adult,4090
Situk Lower,Situk RIver,2003,6/30/2003,30-Jun,Counted live,Sockeye,Adult,3672
Situk Lower,Situk RIver,2003,7/1/2003,1-Jul,Counted live,Sockeye,Adult,1487
Situk Lower,Situk RIver,2003,7/2/2003,2-Jul,Counted live,Sockeye,Adult,151
Situk Lower,Situk RIver,2003,7/3/2003,3-Jul,Counted live,Sockeye,Adult,2446
Situk Lower,Situk RIver,2003,7/4/2003,4-Jul,Counted live,Sockeye,Adult,2719
Situk Lower,Situk RIver,2003,7/5/2003,5-Jul,Counted live,Sockeye,Adult,2436
Situk Lower,Situk RIver,2003,7/6/2003,6-Jul,Counted live,Sockeye,Adult,5246
Situk Lower,Situk RIver,2003,7/7/2003,7-Jul,Counted live,Sockeye,Adult,4917
Situk Lower,Situk RIver,2003,7/8/2003,8-Jul,Counted live,Sockeye,Adult,1004
Situk Lower,Situk RIver,2003,7/9/2003,9-Jul,Counted live,Sockeye,Adult,34
Situk Lower,Situk RIver,2003,7/10/2003,10-Jul,Counted live,Sockeye,Adult,248
Situk Lower,Situk RIver,2003,7/11/2003,11-Jul,Counted live,Sockeye,Adult,1701
Situk Lower,Situk RIver,2003,7/12/2003,12-Jul,Counted live,Sockeye,Adult,431
Situk Lower,Situk RIver,2003,7/13/2003,13-Jul,Counted live,Sockeye,Adult,1187
Situk Lower,Situk RIver,2003,7/14/2003,14-Jul,Counted live,Sockeye,Adult,1605
Situk Lower,Situk RIver,2003,7/15/2003,15-Jul,Counted live,Sockeye,Adult,1148
Situk Lower,Situk RIver,2003,7/16/2003,16-Jul,Counted live,Sockeye,Adult,239
Situk Lower,Situk RIver,2003,7/17/2003,17-Jul,Counted live,Sockeye,Adult,1255
Situk Lower,Situk RIver,2003,7/18/2003,18-Jul,Counted live,Sockeye,Adult,2099
Situk Lower,Situk RIver,2003,7/19/2003,19-Jul,Counted live,Sockeye,Adult,2203
Situk Lower,Situk RIver,2003,7/20/2003,20-Jul,Counted live,Sockeye,Adult,1492
Situk Lower,Situk RIver,2003,7/21/2003,21-Jul,Counted live,Sockeye,Adult,1504
Situk Lower,Situk RIver,2003,7/22/2003,22-Jul,Counted live,Sockeye,Adult,2469
Situk Lower,Situk RIver,2003,7/23/2003,23-Jul,Counted live,Sockeye,Adult,3263
Situk Lower,Situk RIver,2003,7/24/2003,24-Jul,Counted live,Sockeye,Adult,2383
Situk Lower,Situk RIver,2003,7/25/2003,25-Jul,Counted live,Sockeye,Adult,2121
Situk Lower,Situk RIver,2003,7/26/2003,26-Jul,Counted live,Sockeye,Adult,2286
Situk Lower,Situk RIver,2003,7/27/2003,27-Jul,Counted live,Sockeye,Adult,730
Situk Lower,Situk RIver,2003,7/28/2003,28-Jul,Counted live,Sockeye,Adult,1144
Situk Lower,Situk RIver,2003,7/29/2003,29-Jul,Counted live,Sockeye,Adult,824
Situk Lower,Situk RIver,2003,7/30/2003,30-Jul,Counted live,Sockeye,Adult,639
Situk Lower,Situk RIver,2003,7/31/2003,31-Jul,Counted live,Sockeye,Adult,2992
Situk Lower,Situk RIver,2003,8/1/2003,1-Aug,Counted live,Sockeye,Adult,2474
Situk Lower,Situk RIver,2003,8/2/2003,2-Aug,Counted live,Sockeye,Adult,955
Situk Lower,Situk RIver,2003,8/3/2003,3-Aug,Counted live,Sockeye,Adult,1759
Situk Lower,Situk RIver,2003,8/4/2003,4-Aug,Counted live,Sockeye,Adult,1222
Situk Lower,Situk RIver,2003,8/5/2003,5-Aug,Counted live,Sockeye,Adult,651
Situk Lower,Situk RIver,2003,8/6/2003,6-Aug,Counted live,Sockeye,Adult,530
Situk Lower,Situk RIver,2003,8/7/2003,7-Aug,Counted live,Sockeye,Adult,807
Situk Lower,Situk RIver,2003,8/8/2003,8-Aug,Counted live,Sockeye,Adult,867
Situk Lower,Situk RIver,2004,5/29/2004,29-May,Counted live,Sockeye,Adult,3
Situk Lower,Situk RIver,2004,5/30/2004,30-May,Counted live,Sockeye,Adult,4
Situk Lower,Situk RIver,2004,6/1/2004,1-Jun,Counted live,Sockeye,Adult,7
Situk Lower,Situk RIver,2004,6/2/2004,2-Jun,Counted live,Sockeye,Adult,22
Situk Lower,Situk RIver,2004,6/4/2004,4-Jun,Counted live,Sockeye,Adult,61
Situk Lower,Situk RIver,2004,6/5/2004,5-Jun,Counted live,Sockeye,Adult,247
Situk Lower,Situk RIver,2004,6/6/2004,6-Jun,Counted live,Sockeye,Adult,87
Situk Lower,Situk RIver,2004,6/7/2004,7-Jun,Counted live,Sockeye,Adult,39
Situk Lower,Situk RIver,2004,6/8/2004,8-Jun,Counted live,Sockeye,Adult,751
Situk Lower,Situk RIver,2004,6/9/2004,9-Jun,Counted live,Sockeye,Adult,3
Situk Lower,Situk RIver,2004,6/10/2004,10-Jun,Counted live,Sockeye,Adult,163
Situk Lower,Situk RIver,2004,6/11/2004,11-Jun,Counted live,Sockeye,Adult,138
Situk Lower,Situk RIver,2004,6/12/2004,12-Jun,Counted live,Sockeye,Adult,324
Situk Lower,Situk RIver,2004,6/13/2004,13-Jun,Counted live,Sockeye,Adult,126
Situk Lower,Situk RIver,2004,6/14/2004,14-Jun,Counted live,Sockeye,Adult,328
Situk Lower,Situk RIver,2004,6/15/2004,15-Jun,Counted live,Sockeye,Adult,281
Situk Lower,Situk RIver,2004,6/16/2004,16-Jun,Counted live,Sockeye,Adult,4
Situk Lower,Situk RIver,2004,6/17/2004,17-Jun,Counted live,Sockeye,Adult,944
Situk Lower,Situk RIver,2004,6/18/2004,18-Jun,Counted live,Sockeye,Adult,894
Situk Lower,Situk RIver,2004,6/19/2004,19-Jun,Counted live,Sockeye,Adult,234
Situk Lower,Situk RIver,2004,6/20/2004,20-Jun,Counted live,Sockeye,Adult,1946
Situk Lower,Situk RIver,2004,6/21/2004,21-Jun,Counted live,Sockeye,Adult,74
Situk Lower,Situk RIver,2004,6/22/2004,22-Jun,Counted live,Sockeye,Adult,75
Situk Lower,Situk RIver,2004,6/23/2004,23-Jun,Counted live,Sockeye,Adult,752
Situk Lower,Situk RIver,2004,6/24/2004,24-Jun,Counted live,Sockeye,Adult,505
Situk Lower,Situk RIver,2004,6/25/2004,25-Jun,Counted live,Sockeye,Adult,1949
Situk Lower,Situk RIver,2004,6/26/2004,26-Jun,Counted live,Sockeye,Adult,848
Situk Lower,Situk RIver,2004,6/27/2004,27-Jun,Counted live,Sockeye,Adult,319
Situk Lower,Situk RIver,2004,6/28/2004,28-Jun,Counted live,Sockeye,Adult,976
Situk Lower,Situk RIver,2004,6/29/2004,29-Jun,Counted live,Sockeye,Adult,90
Situk Lower,Situk RIver,2004,6/30/2004,30-Jun,Zero fish observed,Sockeye,Adult,0
Situk Lower,Situk RIver,2004,7/1/2004,1-Jul,Counted live,Sockeye,Adult,882
Situk Lower,Situk RIver,2004,7/2/2004,2-Jul,Counted live,Sockeye,Adult,1670
Situk Lower,Situk RIver,2004,7/3/2004,3-Jul,Counted live,Sockeye,Adult,2124
Situk Lower,Situk RIver,2004,7/4/2004,4-Jul,Counted live,Sockeye,Adult,768
Situk Lower,Situk RIver,2004,7/5/2004,5-Jul,Counted live,Sockeye,Adult,905
Situk Lower,Situk RIver,2004,7/6/2004,6-Jul,Counted live,Sockeye,Adult,514
Situk Lower,Situk RIver,2004,7/7/2004,7-Jul,Counted live,Sockeye,Adult,1066
Situk Lower,Situk RIver,2004,7/8/2004,8-Jul,Counted live,Sockeye,Adult,1197
Situk Lower,Situk RIver,2004,7/9/2004,9-Jul,Counted live,Sockeye,Adult,337
Situk Lower,Situk RIver,2004,7/10/2004,10-Jul,Counted live,Sockeye,Adult,555
Situk Lower,Situk RIver,2004,7/11/2004,11-Jul,Counted live,Sockeye,Adult,802
Situk Lower,Situk RIver,2004,7/12/2004,12-Jul,Counted live,Sockeye,Adult,1732
Situk Lower,Situk RIver,2004,7/13/2004,13-Jul,Counted live,Sockeye,Adult,305
Situk Lower,Situk RIver,2004,7/14/2004,14-Jul,Counted live,Sockeye,Adult,49
Situk Lower,Situk RIver,2004,7/15/2004,15-Jul,Counted live,Sockeye,Adult,2629
Situk Lower,Situk RIver,2004,7/16/2004,16-Jul,Counted live,Sockeye,Adult,1583
Situk Lower,Situk RIver,2004,7/17/2004,17-Jul,Counted live,Sockeye,Adult,1001
Situk Lower,Situk RIver,2004,7/18/2004,18-Jul,Counted live,Sockeye,Adult,1173
Situk Lower,Situk RIver,2004,7/19/2004,19-Jul,Counted live,Sockeye,Adult,41
Situk Lower,Situk RIver,2004,7/20/2004,20-Jul,Counted live,Sockeye,Adult,1009
Situk Lower,Situk RIver,2004,7/21/2004,21-Jul,Counted live,Sockeye,Adult,1918
Situk Lower,Situk RIver,2004,7/22/2004,22-Jul,Counted live,Sockeye,Adult,274
Situk Lower,Situk RIver,2004,7/23/2004,23-Jul,Counted live,Sockeye,Adult,548
Situk Lower,Situk RIver,2004,7/24/2004,24-Jul,Counted live,Sockeye,Adult,2350
Situk Lower,Situk RIver,2004,7/25/2004,25-Jul,Counted live,Sockeye,Adult,569
Situk Lower,Situk RIver,2004,7/26/2004,26-Jul,Counted live,Sockeye,Adult,656
Situk Lower,Situk RIver,2004,7/27/2004,27-Jul,Counted live,Sockeye,Adult,944
Situk Lower,Situk RIver,2004,7/28/2004,28-Jul,Counted live,Sockeye,Adult,90
Situk Lower,Situk RIver,2004,7/29/2004,29-Jul,Counted live,Sockeye,Adult,77
Situk Lower,Situk RIver,2004,7/30/2004,30-Jul,Counted live,Sockeye,Adult,48
Situk Lower,Situk RIver,2004,7/31/2004,31-Jul,Counted live,Sockeye,Adult,92
Situk Lower,Situk RIver,2004,8/1/2004,1-Aug,Counted live,Sockeye,Adult,597
Situk Lower,Situk RIver,2004,8/2/2004,2-Aug,Counted live,Sockeye,Adult,553
Situk Lower,Situk RIver,2004,8/3/2004,3-Aug,Counted live,Sockeye,Adult,209
Situk Lower,Situk RIver,2004,8/4/2004,4-Aug,Counted live,Sockeye,Adult,112
Situk Lower,Situk RIver,2004,8/5/2004,5-Aug,Counted live,Sockeye,Adult,590
Situk Lower,Situk RIver,2004,8/6/2004,6-Aug,Counted live,Sockeye,Adult,101
Situk Lower,Situk RIver,2004,8/7/2004,7-Aug,Counted live,Sockeye,Adult,98
Situk Lower,Situk RIver,2004,8/8/2004,8-Aug,Counted live,Sockeye,Adult,182
Situk Lower,Situk RIver,2005,5/25/2005,25-May,Counted live,Sockeye,Adult,154
Situk Lower,Situk RIver,2005,5/26/2005,26-May,Counted live,Sockeye,Adult,57
Situk Lower,Situk RIver,2005,5/27/2005,27-May,Counted live,Sockeye,Adult,1028
Situk Lower,Situk RIver,2005,5/28/2005,28-May,Counted live,Sockeye,Adult,101
Situk Lower,Situk RIver,2005,5/29/2005,29-May,Counted live,Sockeye,Adult,727
Situk Lower,Situk RIver,2005,5/30/2005,30-May,Counted live,Sockeye,Adult,946
Situk Lower,Situk RIver,2005,5/31/2005,31-May,Counted live,Sockeye,Adult,741
Situk Lower,Situk RIver,2005,6/1/2005,1-Jun,Counted live,Sockeye,Adult,1072
Situk Lower,Situk RIver,2005,6/2/2005,2-Jun,Counted live,Sockeye,Adult,688
Situk Lower,Situk RIver,2005,6/3/2005,3-Jun,Counted live,Sockeye,Adult,1266
Situk Lower,Situk RIver,2005,6/4/2005,4-Jun,Counted live,Sockeye,Adult,332
Situk Lower,Situk RIver,2005,6/5/2005,5-Jun,Counted live,Sockeye,Adult,1753
Situk Lower,Situk RIver,2005,6/6/2005,6-Jun,Counted live,Sockeye,Adult,1241
Situk Lower,Situk RIver,2005,6/7/2005,7-Jun,Counted live,Sockeye,Adult,910
Situk Lower,Situk RIver,2005,6/8/2005,8-Jun,Counted live,Sockeye,Adult,1309
Situk Lower,Situk RIver,2005,6/9/2005,9-Jun,Counted live,Sockeye,Adult,1353
Situk Lower,Situk RIver,2005,6/10/2005,10-Jun,Counted live,Sockeye,Adult,608
Situk Lower,Situk RIver,2005,6/11/2005,11-Jun,Counted live,Sockeye,Adult,307
Situk Lower,Situk RIver,2005,6/12/2005,12-Jun,Counted live,Sockeye,Adult,498
Situk Lower,Situk RIver,2005,6/13/2005,13-Jun,Counted live,Sockeye,Adult,528
Situk Lower,Situk RIver,2005,6/14/2005,14-Jun,Counted live,Sockeye,Adult,115
Situk Lower,Situk RIver,2005,6/15/2005,15-Jun,Counted live,Sockeye,Adult,395
Situk Lower,Situk RIver,2005,6/16/2005,16-Jun,Counted live,Sockeye,Adult,273
Situk Lower,Situk RIver,2005,6/17/2005,17-Jun,Counted live,Sockeye,Adult,593
Situk Lower,Situk RIver,2005,6/18/2005,18-Jun,Counted live,Sockeye,Adult,1781
Situk Lower,Situk RIver,2005,6/19/2005,19-Jun,Counted live,Sockeye,Adult,396
Situk Lower,Situk RIver,2005,6/20/2005,20-Jun,Counted live,Sockeye,Adult,1805
Situk Lower,Situk RIver,2005,6/21/2005,21-Jun,Counted live,Sockeye,Adult,147
Situk Lower,Situk RIver,2005,6/22/2005,22-Jun,Counted live,Sockeye,Adult,686
Situk Lower,Situk RIver,2005,6/23/2005,23-Jun,Counted live,Sockeye,Adult,2044
Situk Lower,Situk RIver,2005,6/24/2005,24-Jun,Counted live,Sockeye,Adult,2113
Situk Lower,Situk RIver,2005,6/25/2005,25-Jun,Counted live,Sockeye,Adult,1187
Situk Lower,Situk RIver,2005,6/26/2005,26-Jun,Counted live,Sockeye,Adult,2048
Situk Lower,Situk RIver,2005,6/27/2005,27-Jun,Counted live,Sockeye,Adult,2941
Situk Lower,Situk RIver,2005,6/28/2005,28-Jun,Counted live,Sockeye,Adult,555
Situk Lower,Situk RIver,2005,6/29/2005,29-Jun,Counted live,Sockeye,Adult,539
Situk Lower,Situk RIver,2005,6/30/2005,30-Jun,Counted live,Sockeye,Adult,528
Situk Lower,Situk RIver,2005,7/1/2005,1-Jul,Counted live,Sockeye,Adult,679
Situk Lower,Situk RIver,2005,7/2/2005,2-Jul,Counted live,Sockeye,Adult,2405
Situk Lower,Situk RIver,2005,7/3/2005,3-Jul,Counted live,Sockeye,Adult,1544
Situk Lower,Situk RIver,2005,7/4/2005,4-Jul,Counted live,Sockeye,Adult,1516
Situk Lower,Situk RIver,2005,7/5/2005,5-Jul,Counted live,Sockeye,Adult,396
Situk Lower,Situk RIver,2005,7/6/2005,6-Jul,Counted live,Sockeye,Adult,1251
Situk Lower,Situk RIver,2005,7/7/2005,7-Jul,Counted live,Sockeye,Adult,2792
Situk Lower,Situk RIver,2005,7/8/2005,8-Jul,Counted live,Sockeye,Adult,1632
Situk Lower,Situk RIver,2005,7/9/2005,9-Jul,Counted live,Sockeye,Adult,4175
Situk Lower,Situk RIver,2005,7/10/2005,10-Jul,Counted live,Sockeye,Adult,450
Situk Lower,Situk RIver,2005,7/11/2005,11-Jul,Counted live,Sockeye,Adult,2005
Situk Lower,Situk RIver,2005,7/12/2005,12-Jul,Counted live,Sockeye,Adult,1875
Situk Lower,Situk RIver,2005,7/13/2005,13-Jul,Counted live,Sockeye,Adult,159
Situk Lower,Situk RIver,2005,7/14/2005,14-Jul,Counted live,Sockeye,Adult,318
Situk Lower,Situk RIver,2005,7/15/2005,15-Jul,Counted live,Sockeye,Adult,275
Situk Lower,Situk RIver,2005,7/16/2005,16-Jul,Counted live,Sockeye,Adult,969
Situk Lower,Situk RIver,2005,7/17/2005,17-Jul,Counted live,Sockeye,Adult,450
Situk Lower,Situk RIver,2005,7/18/2005,18-Jul,Counted live,Sockeye,Adult,668
Situk Lower,Situk RIver,2005,7/19/2005,19-Jul,Counted live,Sockeye,Adult,2549
Situk Lower,Situk RIver,2005,7/20/2005,20-Jul,Counted live,Sockeye,Adult,627
Situk Lower,Situk RIver,2005,7/21/2005,21-Jul,Counted live,Sockeye,Adult,700
Situk Lower,Situk RIver,2005,7/22/2005,22-Jul,Counted live,Sockeye,Adult,808
Situk Lower,Situk RIver,2005,7/23/2005,23-Jul,Counted live,Sockeye,Adult,930
Situk Lower,Situk RIver,2005,7/24/2005,24-Jul,Counted live,Sockeye,Adult,726
Situk Lower,Situk RIver,2005,7/25/2005,25-Jul,Counted live,Sockeye,Adult,188
Situk Lower,Situk RIver,2005,7/26/2005,26-Jul,Counted live,Sockeye,Adult,216
Situk Lower,Situk RIver,2005,7/27/2005,27-Jul,Counted live,Sockeye,Adult,1150
Situk Lower,Situk RIver,2005,7/28/2005,28-Jul,Counted live,Sockeye,Adult,493
Situk Lower,Situk RIver,2005,7/29/2005,29-Jul,Counted live,Sockeye,Adult,176
Situk Lower,Situk RIver,2005,7/30/2005,30-Jul,Counted live,Sockeye,Adult,132
Situk Lower,Situk RIver,2005,7/31/2005,31-Jul,Counted live,Sockeye,Adult,457
Situk Lower,Situk RIver,2006,6/7/2006,7-Jun,Counted live,Sockeye,Adult,35
Situk Lower,Situk RIver,2006,6/9/2006,9-Jun,Counted live,Sockeye,Adult,1
Situk Lower,Situk RIver,2006,6/12/2006,12-Jun,Counted live,Sockeye,Adult,443
Situk Lower,Situk RIver,2006,6/13/2006,13-Jun,Counted live,Sockeye,Adult,30
Situk Lower,Situk RIver,2006,6/14/2006,14-Jun,Counted live,Sockeye,Adult,395
Situk Lower,Situk RIver,2006,6/16/2006,16-Jun,Counted live,Sockeye,Adult,2
Situk Lower,Situk RIver,2006,6/17/2006,17-Jun,Counted live,Sockeye,Adult,1298
Situk Lower,Situk RIver,2006,6/18/2006,18-Jun,Counted live,Sockeye,Adult,433
Situk Lower,Situk RIver,2006,6/19/2006,19-Jun,Counted live,Sockeye,Adult,26
Situk Lower,Situk RIver,2006,6/20/2006,20-Jun,Counted live,Sockeye,Adult,90
Situk Lower,Situk RIver,2006,6/21/2006,21-Jun,Counted live,Sockeye,Adult,12
Situk Lower,Situk RIver,2006,6/22/2006,22-Jun,Counted live,Sockeye,Adult,165
Situk Lower,Situk RIver,2006,6/23/2006,23-Jun,Counted live,Sockeye,Adult,2163
Situk Lower,Situk RIver,2006,6/24/2006,24-Jun,Counted live,Sockeye,Adult,610
Situk Lower,Situk RIver,2006,6/25/2006,25-Jun,Counted live,Sockeye,Adult,1265
Situk Lower,Situk RIver,2006,6/26/2006,26-Jun,Counted live,Sockeye,Adult,986
Situk Lower,Situk RIver,2006,6/27/2006,27-Jun,Counted live,Sockeye,Adult,1438
Situk Lower,Situk RIver,2006,6/28/2006,28-Jun,Counted live,Sockeye,Adult,1093
Situk Lower,Situk RIver,2006,6/29/2006,29-Jun,Counted live,Sockeye,Adult,1205
Situk Lower,Situk RIver,2006,6/30/2006,30-Jun,Counted live,Sockeye,Adult,1086
Situk Lower,Situk RIver,2006,7/1/2006,1-Jul,Counted live,Sockeye,Adult,3271
Situk Lower,Situk RIver,2006,7/2/2006,2-Jul,Counted live,Sockeye,Adult,2067
Situk Lower,Situk RIver,2006,7/3/2006,3-Jul,Counted live,Sockeye,Adult,2256
Situk Lower,Situk RIver,2006,7/4/2006,4-Jul,Counted live,Sockeye,Adult,1917
Situk Lower,Situk RIver,2006,7/5/2006,5-Jul,Counted live,Sockeye,Adult,422
Situk Lower,Situk RIver,2006,7/6/2006,6-Jul,Counted live,Sockeye,Adult,753
Situk Lower,Situk RIver,2006,7/7/2006,7-Jul,Counted live,Sockeye,Adult,3048
Situk Lower,Situk RIver,2006,7/8/2006,8-Jul,Counted live,Sockeye,Adult,1706
Situk Lower,Situk RIver,2006,7/9/2006,9-Jul,Counted live,Sockeye,Adult,2758
Situk Lower,Situk RIver,2006,7/10/2006,10-Jul,Counted live,Sockeye,Adult,1223
Situk Lower,Situk RIver,2006,7/11/2006,11-Jul,Counted live,Sockeye,Adult,190
Situk Lower,Situk RIver,2006,7/12/2006,12-Jul,Counted live,Sockeye,Adult,2025
Situk Lower,Situk RIver,2006,7/13/2006,13-Jul,Counted live,Sockeye,Adult,1734
Situk Lower,Situk RIver,2006,7/14/2006,14-Jul,Counted live,Sockeye,Adult,4660
Situk Lower,Situk RIver,2006,7/15/2006,15-Jul,Counted live,Sockeye,Adult,1756
Situk Lower,Situk RIver,2006,7/16/2006,16-Jul,Counted live,Sockeye,Adult,1972
Situk Lower,Situk RIver,2006,7/17/2006,17-Jul,Counted live,Sockeye,Adult,273
Situk Lower,Situk RIver,2006,7/18/2006,18-Jul,Counted live,Sockeye,Adult,2065
Situk Lower,Situk RIver,2006,7/19/2006,19-Jul,Counted live,Sockeye,Adult,2199
Situk Lower,Situk RIver,2006,7/20/2006,20-Jul,Counted live,Sockeye,Adult,202
Situk Lower,Situk RIver,2006,7/21/2006,21-Jul,Counted live,Sockeye,Adult,2496
Situk Lower,Situk RIver,2006,7/22/2006,22-Jul,Counted live,Sockeye,Adult,2033
Situk Lower,Situk RIver,2006,7/23/2006,23-Jul,Counted live,Sockeye,Adult,3276
Situk Lower,Situk RIver,2006,7/24/2006,24-Jul,Counted live,Sockeye,Adult,427
Situk Lower,Situk RIver,2006,7/25/2006,25-Jul,Counted live,Sockeye,Adult,4285
Situk Lower,Situk RIver,2006,7/26/2006,26-Jul,Counted live,Sockeye,Adult,2658
Situk Lower,Situk RIver,2006,7/27/2006,27-Jul,Counted live,Sockeye,Adult,202
Situk Lower,Situk RIver,2006,7/28/2006,28-Jul,Counted live,Sockeye,Adult,919
Situk Lower,Situk RIver,2006,7/29/2006,29-Jul,Counted live,Sockeye,Adult,2258
Situk Lower,Situk RIver,2006,7/30/2006,30-Jul,Counted live,Sockeye,Adult,2218
Situk Lower,Situk RIver,2006,7/31/2006,31-Jul,Counted live,Sockeye,Adult,1151
Situk Lower,Situk RIver,2006,8/1/2006,1-Aug,Counted live,Sockeye,Adult,427
Situk Lower,Situk RIver,2006,8/2/2006,2-Aug,Counted live,Sockeye,Adult,2945
Situk Lower,Situk RIver,2006,8/3/2006,3-Aug,Counted live,Sockeye,Adult,1354
Situk Lower,Situk RIver,2006,8/4/2006,4-Aug,Counted live,Sockeye,Adult,531
Situk Lower,Situk RIver,2006,8/5/2006,5-Aug,Counted live,Sockeye,Adult,749
Situk Lower,Situk RIver,2006,8/6/2006,6-Aug,Counted live,Sockeye,Adult,1185
Situk Lower,Situk RIver,2006,8/7/2006,7-Aug,Counted live,Sockeye,Adult,1458
Situk Lower,Situk RIver,2006,8/8/2006,8-Aug,Counted live,Sockeye,Adult,1892
Situk Lower,Situk RIver,2006,8/9/2006,9-Aug,Counted live,Sockeye,Adult,492
Situk Lower,Situk RIver,2006,8/10/2006,10-Aug,Counted live,Sockeye,Adult,410
Situk Lower,Situk RIver,2006,8/11/2006,11-Aug,Counted live,Sockeye,Adult,505
Situk Lower,Situk RIver,2006,8/12/2006,12-Aug,Counted live,Sockeye,Adult,2114
Situk Lower,Situk RIver,2006,8/13/2006,13-Aug,Counted live,Sockeye,Adult,3801
Situk Lower,Situk RIver,2006,8/14/2006,14-Aug,Counted live,Sockeye,Adult,614
Situk Lower,Situk RIver,2006,8/15/2006,15-Aug,Counted live,Sockeye,Adult,678
Situk Lower,Situk RIver,2007,5/30/2007,30-May,Counted live,Sockeye,Adult,1
Situk Lower,Situk RIver,2007,6/2/2007,2-Jun,Counted live,Sockeye,Adult,3
Situk Lower,Situk RIver,2007,6/3/2007,3-Jun,Counted live,Sockeye,Adult,4
Situk Lower,Situk RIver,2007,6/4/2007,4-Jun,Counted live,Sockeye,Adult,3
Situk Lower,Situk RIver,2007,6/5/2007,5-Jun,Counted live,Sockeye,Adult,6
Situk Lower,Situk RIver,2007,6/6/2007,6-Jun,Counted live,Sockeye,Adult,256
Situk Lower,Situk RIver,2007,6/7/2007,7-Jun,Counted live,Sockeye,Adult,8
Situk Lower,Situk RIver,2007,6/9/2007,9-Jun,Counted live,Sockeye,Adult,11
Situk Lower,Situk RIver,2007,6/10/2007,10-Jun,Counted live,Sockeye,Adult,247
Situk Lower,Situk RIver,2007,6/11/2007,11-Jun,Counted live,Sockeye,Adult,152
Situk Lower,Situk RIver,2007,6/12/2007,12-Jun,Counted live,Sockeye,Adult,3
Situk Lower,Situk RIver,2007,6/14/2007,14-Jun,Counted live,Sockeye,Adult,109
Situk Lower,Situk RIver,2007,6/15/2007,15-Jun,Counted live,Sockeye,Adult,269
Situk Lower,Situk RIver,2007,6/16/2007,16-Jun,Counted live,Sockeye,Adult,314
Situk Lower,Situk RIver,2007,6/17/2007,17-Jun,Counted live,Sockeye,Adult,597
Situk Lower,Situk RIver,2007,6/18/2007,18-Jun,Counted live,Sockeye,Adult,996
Situk Lower,Situk RIver,2007,6/19/2007,19-Jun,Counted live,Sockeye,Adult,656
Situk Lower,Situk RIver,2007,6/20/2007,20-Jun,Counted live,Sockeye,Adult,1013
Situk Lower,Situk RIver,2007,6/21/2007,21-Jun,Counted live,Sockeye,Adult,293
Situk Lower,Situk RIver,2007,6/22/2007,22-Jun,Counted live,Sockeye,Adult,43
Situk Lower,Situk RIver,2007,6/23/2007,23-Jun,Counted live,Sockeye,Adult,32
Situk Lower,Situk RIver,2007,6/24/2007,24-Jun,Counted live,Sockeye,Adult,934
Situk Lower,Situk RIver,2007,6/25/2007,25-Jun,Counted live,Sockeye,Adult,232
Situk Lower,Situk RIver,2007,6/26/2007,26-Jun,Counted live,Sockeye,Adult,692
Situk Lower,Situk RIver,2007,6/27/2007,27-Jun,Counted live,Sockeye,Adult,34
Situk Lower,Situk RIver,2007,6/28/2007,28-Jun,Counted live,Sockeye,Adult,198
Situk Lower,Situk RIver,2007,6/29/2007,29-Jun,Counted live,Sockeye,Adult,670
Situk Lower,Situk RIver,2007,6/30/2007,30-Jun,Counted live,Sockeye,Adult,1300
Situk Lower,Situk RIver,2007,7/1/2007,1-Jul,Counted live,Sockeye,Adult,1076
Situk Lower,Situk RIver,2007,7/2/2007,2-Jul,Counted live,Sockeye,Adult,771
Situk Lower,Situk RIver,2007,7/3/2007,3-Jul,Counted live,Sockeye,Adult,27
Situk Lower,Situk RIver,2007,7/4/2007,4-Jul,Counted live,Sockeye,Adult,959
Situk Lower,Situk RIver,2007,7/5/2007,5-Jul,Counted live,Sockeye,Adult,844
Situk Lower,Situk RIver,2007,7/6/2007,6-Jul,Counted live,Sockeye,Adult,1210
Situk Lower,Situk RIver,2007,7/7/2007,7-Jul,Counted live,Sockeye,Adult,1313
Situk Lower,Situk RIver,2007,7/8/2007,8-Jul,Counted live,Sockeye,Adult,841
Situk Lower,Situk RIver,2007,7/9/2007,9-Jul,Counted live,Sockeye,Adult,1987
Situk Lower,Situk RIver,2007,7/10/2007,10-Jul,Counted live,Sockeye,Adult,421
Situk Lower,Situk RIver,2007,7/11/2007,11-Jul,Counted live,Sockeye,Adult,1570
Situk Lower,Situk RIver,2007,7/12/2007,12-Jul,Counted live,Sockeye,Adult,438
Situk Lower,Situk RIver,2007,7/13/2007,13-Jul,Counted live,Sockeye,Adult,1990
Situk Lower,Situk RIver,2007,7/14/2007,14-Jul,Counted live,Sockeye,Adult,3305
Situk Lower,Situk RIver,2007,7/15/2007,15-Jul,Counted live,Sockeye,Adult,1824
Situk Lower,Situk RIver,2007,7/16/2007,16-Jul,Counted live,Sockeye,Adult,1255
Situk Lower,Situk RIver,2007,7/17/2007,17-Jul,Counted live,Sockeye,Adult,623
Situk Lower,Situk RIver,2007,7/18/2007,18-Jul,Counted live,Sockeye,Adult,1301
Situk Lower,Situk RIver,2007,7/19/2007,19-Jul,Counted live,Sockeye,Adult,1141
Situk Lower,Situk RIver,2007,7/20/2007,20-Jul,Counted live,Sockeye,Adult,443
Situk Lower,Situk RIver,2007,7/21/2007,21-Jul,Counted live,Sockeye,Adult,1855
Situk Lower,Situk RIver,2007,7/22/2007,22-Jul,Counted live,Sockeye,Adult,1206
Situk Lower,Situk RIver,2007,7/23/2007,23-Jul,Counted live,Sockeye,Adult,4679
Situk Lower,Situk RIver,2007,7/24/2007,24-Jul,Counted live,Sockeye,Adult,670
Situk Lower,Situk RIver,2007,7/25/2007,25-Jul,Counted live,Sockeye,Adult,1370
Situk Lower,Situk RIver,2007,7/26/2007,26-Jul,Counted live,Sockeye,Adult,430
Situk Lower,Situk RIver,2007,7/27/2007,27-Jul,Counted live,Sockeye,Adult,135
Situk Lower,Situk RIver,2007,7/28/2007,28-Jul,Counted live,Sockeye,Adult,2043
Situk Lower,Situk RIver,2007,7/29/2007,29-Jul,Counted live,Sockeye,Adult,511
Situk Lower,Situk RIver,2007,7/30/2007,30-Jul,Counted live,Sockeye,Adult,2755
Situk Lower,Situk RIver,2007,7/31/2007,31-Jul,Counted live,Sockeye,Adult,1242
Situk Lower,Situk RIver,2007,8/1/2007,1-Aug,Counted live,Sockeye,Adult,1683
Situk Lower,Situk RIver,2007,8/2/2007,2-Aug,Counted live,Sockeye,Adult,845
Situk Lower,Situk RIver,2007,8/3/2007,3-Aug,Counted live,Sockeye,Adult,436
Situk Lower,Situk RIver,2007,8/4/2007,4-Aug,Counted live,Sockeye,Adult,656
Situk Lower,Situk RIver,2007,8/5/2007,5-Aug,Counted live,Sockeye,Adult,1428
Situk Lower,Situk RIver,2007,8/6/2007,6-Aug,Counted live,Sockeye,Adult,2122
Situk Lower,Situk RIver,2007,8/7/2007,7-Aug,Counted live,Sockeye,Adult,1049
Situk Lower,Situk RIver,2007,8/8/2007,8-Aug,Counted live,Sockeye,Adult,1018
Situk Lower,Situk RIver,2007,8/9/2007,9-Aug,Counted live,Sockeye,Adult,885
Situk Lower,Situk RIver,2007,8/10/2007,10-Aug,Counted live,Sockeye,Adult,1017
Situk Lower,Situk RIver,2007,8/11/2007,11-Aug,Counted live,Sockeye,Adult,330
Situk Lower,Situk RIver,2007,8/12/2007,12-Aug,Counted live,Sockeye,Adult,1032
Situk Lower,Situk RIver,2007,8/13/2007,13-Aug,Counted live,Sockeye,Adult,256
Situk Lower,Situk RIver,2008,6/12/2008,12-Jun,Counted live,Sockeye,Adult,5
Situk Lower,Situk RIver,2008,6/20/2008,20-Jun,Counted live,Sockeye,Adult,240
Situk Lower,Situk RIver,2008,6/21/2008,21-Jun,Counted live,Sockeye,Adult,331
Situk Lower,Situk RIver,2008,6/22/2008,22-Jun,Counted live,Sockeye,Adult,1503
Situk Lower,Situk RIver,2008,6/23/2008,23-Jun,Counted live,Sockeye,Adult,42
Situk Lower,Situk RIver,2008,6/24/2008,24-Jun,Counted live,Sockeye,Adult,392
Situk Lower,Situk RIver,2008,6/25/2008,25-Jun,Counted live,Sockeye,Adult,97
Situk Lower,Situk RIver,2008,6/26/2008,26-Jun,Counted live,Sockeye,Adult,108
Situk Lower,Situk RIver,2008,6/27/2008,27-Jun,Counted live,Sockeye,Adult,53
Situk Lower,Situk RIver,2008,6/28/2008,28-Jun,Counted live,Sockeye,Adult,1042
Situk Lower,Situk RIver,2008,6/29/2008,29-Jun,Counted live,Sockeye,Adult,1481
Situk Lower,Situk RIver,2008,6/30/2008,30-Jun,Counted live,Sockeye,Adult,849
Situk Lower,Situk RIver,2008,7/1/2008,1-Jul,Counted live,Sockeye,Adult,53
Situk Lower,Situk RIver,2008,7/2/2008,2-Jul,Counted live,Sockeye,Adult,1266
Situk Lower,Situk RIver,2008,7/3/2008,3-Jul,Counted live,Sockeye,Adult,2130
Situk Lower,Situk RIver,2008,7/4/2008,4-Jul,Counted live,Sockeye,Adult,2173
Situk Lower,Situk RIver,2008,7/5/2008,5-Jul,Counted live,Sockeye,Adult,1032
Situk Lower,Situk RIver,2008,7/6/2008,6-Jul,Counted live,Sockeye,Adult,411
Situk Lower,Situk RIver,2008,7/7/2008,7-Jul,Counted live,Sockeye,Adult,700
Situk Lower,Situk RIver,2008,7/8/2008,8-Jul,Counted live,Sockeye,Adult,294
Situk Lower,Situk RIver,2008,7/9/2008,9-Jul,Counted live,Sockeye,Adult,568
Situk Lower,Situk RIver,2008,7/10/2008,10-Jul,Counted live,Sockeye,Adult,257
Situk Lower,Situk RIver,2008,7/11/2008,11-Jul,Counted live,Sockeye,Adult,272
Situk Lower,Situk RIver,2008,7/12/2008,12-Jul,Counted live,Sockeye,Adult,1417
Situk Lower,Situk RIver,2008,7/13/2008,13-Jul,Counted live,Sockeye,Adult,26
Situk Lower,Situk RIver,2008,7/14/2008,14-Jul,Counted live,Sockeye,Adult,1131
Situk Lower,Situk RIver,2008,7/15/2008,15-Jul,Counted live,Sockeye,Adult,1782
Situk Lower,Situk RIver,2008,7/16/2008,16-Jul,Counted live,Sockeye,Adult,139
Situk Lower,Situk RIver,2008,7/17/2008,17-Jul,Counted live,Sockeye,Adult,143
Situk Lower,Situk RIver,2008,7/18/2008,18-Jul,Counted live,Sockeye,Adult,1455
Situk Lower,Situk RIver,2008,7/19/2008,19-Jul,Counted live,Sockeye,Adult,610
Situk Lower,Situk RIver,2008,7/20/2008,20-Jul,Counted live,Sockeye,Adult,410
Situk Lower,Situk RIver,2008,7/21/2008,21-Jul,Counted live,Sockeye,Adult,2
Situk Lower,Situk RIver,2008,7/22/2008,22-Jul,Counted live,Sockeye,Adult,80
Situk Lower,Situk RIver,2008,7/23/2008,23-Jul,Counted live,Sockeye,Adult,26
Situk Lower,Situk RIver,2009,5/16/2009,16-May,Counted live,Sockeye,Adult,5
Situk Lower,Situk RIver,2009,5/31/2009,31-May,Counted live,Sockeye,Adult,5
Situk Lower,Situk RIver,2009,6/1/2009,1-Jun,Counted live,Sockeye,Adult,1311
Situk Lower,Situk RIver,2009,6/2/2009,2-Jun,Counted live,Sockeye,Adult,826
Situk Lower,Situk RIver,2009,6/3/2009,3-Jun,Counted live,Sockeye,Adult,368
Situk Lower,Situk RIver,2009,6/4/2009,4-Jun,Counted live,Sockeye,Adult,1370
Situk Lower,Situk RIver,2009,6/5/2009,5-Jun,Counted live,Sockeye,Adult,66
Situk Lower,Situk RIver,2009,6/6/2009,6-Jun,Counted live,Sockeye,Adult,186
Situk Lower,Situk RIver,2009,6/7/2009,7-Jun,Counted live,Sockeye,Adult,624
Situk Lower,Situk RIver,2009,6/8/2009,8-Jun,Counted live,Sockeye,Adult,390
Situk Lower,Situk RIver,2009,6/9/2009,9-Jun,Counted live,Sockeye,Adult,307
Situk Lower,Situk RIver,2009,6/10/2009,10-Jun,Counted live,Sockeye,Adult,289
Situk Lower,Situk RIver,2009,6/11/2009,11-Jun,Counted live,Sockeye,Adult,535
Situk Lower,Situk RIver,2009,6/12/2009,12-Jun,Counted live,Sockeye,Adult,21
Situk Lower,Situk RIver,2009,6/13/2009,13-Jun,Counted live,Sockeye,Adult,228
Situk Lower,Situk RIver,2009,6/14/2009,14-Jun,Counted live,Sockeye,Adult,761
Situk Lower,Situk RIver,2009,6/15/2009,15-Jun,Counted live,Sockeye,Adult,221
Situk Lower,Situk RIver,2009,6/16/2009,16-Jun,Counted live,Sockeye,Adult,424
Situk Lower,Situk RIver,2009,6/17/2009,17-Jun,Counted live,Sockeye,Adult,233
Situk Lower,Situk RIver,2009,6/18/2009,18-Jun,Counted live,Sockeye,Adult,886
Situk Lower,Situk RIver,2009,6/19/2009,19-Jun,Counted live,Sockeye,Adult,1533
Situk Lower,Situk RIver,2009,6/20/2009,20-Jun,Counted live,Sockeye,Adult,368
Situk Lower,Situk RIver,2009,6/21/2009,21-Jun,Counted live,Sockeye,Adult,2214
Situk Lower,Situk RIver,2009,6/22/2009,22-Jun,Counted live,Sockeye,Adult,1228
Situk Lower,Situk RIver,2009,6/23/2009,23-Jun,Counted live,Sockeye,Adult,407
Situk Lower,Situk RIver,2009,6/24/2009,24-Jun,Counted live,Sockeye,Adult,2177
Situk Lower,Situk RIver,2009,6/25/2009,25-Jun,Counted live,Sockeye,Adult,1291
Situk Lower,Situk RIver,2009,6/26/2009,26-Jun,Counted live,Sockeye,Adult,991
Situk Lower,Situk RIver,2009,6/27/2009,27-Jun,Counted live,Sockeye,Adult,3822
Situk Lower,Situk RIver,2009,6/28/2009,28-Jun,Counted live,Sockeye,Adult,1671
Situk Lower,Situk RIver,2009,6/29/2009,29-Jun,Counted live,Sockeye,Adult,1286
Situk Lower,Situk RIver,2009,6/30/2009,30-Jun,Counted live,Sockeye,Adult,2706
Situk Lower,Situk RIver,2009,7/1/2009,1-Jul,Counted live,Sockeye,Adult,472
Situk Lower,Situk RIver,2009,7/2/2009,2-Jul,Counted live,Sockeye,Adult,731
Situk Lower,Situk RIver,2009,7/3/2009,3-Jul,Counted live,Sockeye,Adult,1962
Situk Lower,Situk RIver,2009,7/4/2009,4-Jul,Counted live,Sockeye,Adult,2468
Situk Lower,Situk RIver,2009,7/5/2009,5-Jul,Counted live,Sockeye,Adult,2828
Situk Lower,Situk RIver,2009,7/6/2009,6-Jul,Counted live,Sockeye,Adult,704
Situk Lower,Situk RIver,2009,7/7/2009,7-Jul,Counted live,Sockeye,Adult,1180
Situk Lower,Situk RIver,2009,7/8/2009,8-Jul,Counted live,Sockeye,Adult,5
Situk Lower,Situk RIver,2009,7/9/2009,9-Jul,Counted live,Sockeye,Adult,1324
Situk Lower,Situk RIver,2009,7/10/2009,10-Jul,Counted live,Sockeye,Adult,6550
Situk Lower,Situk RIver,2009,7/11/2009,11-Jul,Counted live,Sockeye,Adult,2791
Situk Lower,Situk RIver,2009,7/12/2009,12-Jul,Counted live,Sockeye,Adult,5742
Situk Lower,Situk RIver,2009,7/13/2009,13-Jul,Counted live,Sockeye,Adult,2611
Situk Lower,Situk RIver,2009,7/14/2009,14-Jul,Counted live,Sockeye,Adult,2313
Situk Lower,Situk RIver,2009,7/15/2009,15-Jul,Counted live,Sockeye,Adult,176
Situk Lower,Situk RIver,2009,7/16/2009,16-Jul,Counted live,Sockeye,Adult,125
Situk Lower,Situk RIver,2009,7/17/2009,17-Jul,Counted live,Sockeye,Adult,688
Situk Lower,Situk RIver,2009,7/18/2009,18-Jul,Counted live,Sockeye,Adult,4395
Situk Lower,Situk RIver,2009,7/19/2009,19-Jul,Counted live,Sockeye,Adult,1499
Situk Lower,Situk RIver,2009,7/20/2009,20-Jul,Counted live,Sockeye,Adult,1813
Situk Lower,Situk RIver,2009,7/21/2009,21-Jul,Counted live,Sockeye,Adult,744
Situk Lower,Situk RIver,2009,7/22/2009,22-Jul,Counted live,Sockeye,Adult,1881
Situk Lower,Situk RIver,2009,7/23/2009,23-Jul,Counted live,Sockeye,Adult,1716
Situk Lower,Situk RIver,2009,7/24/2009,24-Jul,Counted live,Sockeye,Adult,1328
Situk Lower,Situk RIver,2009,7/25/2009,25-Jul,Counted live,Sockeye,Adult,1212
Situk Lower,Situk RIver,2009,7/26/2009,26-Jul,Counted live,Sockeye,Adult,2733
Situk Lower,Situk RIver,2009,7/27/2009,27-Jul,Counted live,Sockeye,Adult,291
Situk Lower,Situk RIver,2009,7/28/2009,28-Jul,Counted live,Sockeye,Adult,403
Situk Lower,Situk RIver,2009,7/29/2009,29-Jul,Counted live,Sockeye,Adult,652
Situk Lower,Situk RIver,2009,7/30/2009,30-Jul,Counted live,Sockeye,Adult,263
Situk Lower,Situk RIver,2009,7/31/2009,31-Jul,Counted live,Sockeye,Adult,94
Situk Lower,Situk RIver,2009,8/1/2009,1-Aug,Counted live,Sockeye,Adult,459
Situk Lower,Situk RIver,2009,8/2/2009,2-Aug,Counted live,Sockeye,Adult,430
Situk Lower,Situk RIver,2009,8/3/2009,3-Aug,Counted live,Sockeye,Adult,1124
Situk Lower,Situk RIver,2009,8/4/2009,4-Aug,Counted live,Sockeye,Adult,908
Situk Lower,Situk RIver,2009,8/5/2009,5-Aug,Counted live,Sockeye,Adult,594
Situk Lower,Situk RIver,2010,5/31/2010,31-May,Counted live,Sockeye,Adult,1
Situk Lower,Situk RIver,2010,6/1/2010,1-Jun,Counted live,Sockeye,Adult,0
Situk Lower,Situk RIver,2010,6/2/2010,2-Jun,Counted live,Sockeye,Adult,2
Situk Lower,Situk RIver,2010,6/3/2010,3-Jun,Counted live,Sockeye,Adult,4
Situk Lower,Situk RIver,2010,6/4/2010,4-Jun,Counted live,Sockeye,Adult,0
Situk Lower,Situk RIver,2010,6/5/2010,5-Jun,Counted live,Sockeye,Adult,25
Situk Lower,Situk RIver,2010,6/6/2010,6-Jun,Counted live,Sockeye,Adult,34
Situk Lower,Situk RIver,2010,6/7/2010,7-Jun,Counted live,Sockeye,Adult,0
Situk Lower,Situk RIver,2010,6/8/2010,8-Jun,Counted live,Sockeye,Adult,36
Situk Lower,Situk RIver,2010,6/9/2010,9-Jun,Counted live,Sockeye,Adult,200
Situk Lower,Situk RIver,2010,6/10/2010,10-Jun,Counted live,Sockeye,Adult,206
Situk Lower,Situk RIver,2010,6/11/2010,11-Jun,Counted live,Sockeye,Adult,0
Situk Lower,Situk RIver,2010,6/12/2010,12-Jun,Counted live,Sockeye,Adult,0
Situk Lower,Situk RIver,2010,6/13/2010,13-Jun,Counted live,Sockeye,Adult,1042
Situk Lower,Situk RIver,2010,6/14/2010,14-Jun,Counted live,Sockeye,Adult,0
Situk Lower,Situk RIver,2010,6/15/2010,15-Jun,Counted live,Sockeye,Adult,2
Situk Lower,Situk RIver,2010,6/16/2010,16-Jun,Counted live,Sockeye,Adult,1015
Situk Lower,Situk RIver,2010,6/17/2010,17-Jun,Counted live,Sockeye,Adult,8
Situk Lower,Situk RIver,2010,6/18/2010,18-Jun,Counted live,Sockeye,Adult,382
Situk Lower,Situk RIver,2010,6/19/2010,19-Jun,Counted live,Sockeye,Adult,1366
Situk Lower,Situk RIver,2010,6/20/2010,20-Jun,Counted live,Sockeye,Adult,3739
Situk Lower,Situk RIver,2010,6/21/2010,21-Jun,Counted live,Sockeye,Adult,2594
Situk Lower,Situk RIver,2010,6/22/2010,22-Jun,Counted live,Sockeye,Adult,0
Situk Lower,Situk RIver,2010,6/23/2010,23-Jun,Counted live,Sockeye,Adult,1686
Situk Lower,Situk RIver,2010,6/24/2010,24-Jun,Counted live,Sockeye,Adult,1343
Situk Lower,Situk RIver,2010,6/25/2010,25-Jun,Counted live,Sockeye,Adult,1023
Situk Lower,Situk RIver,2010,6/26/2010,26-Jun,Counted live,Sockeye,Adult,734
Situk Lower,Situk RIver,2010,6/27/2010,27-Jun,Counted live,Sockeye,Adult,1642
Situk Lower,Situk RIver,2010,6/28/2010,28-Jun,Counted live,Sockeye,Adult,3995
Situk Lower,Situk RIver,2010,6/29/2010,29-Jun,Counted live,Sockeye,Adult,1252
Situk Lower,Situk RIver,2010,6/30/2010,30-Jun,Counted live,Sockeye,Adult,6
Situk Lower,Situk RIver,2010,7/1/2010,1-Jul,Counted live,Sockeye,Adult,434
Situk Lower,Situk RIver,2010,7/2/2010,2-Jul,Counted live,Sockeye,Adult,1549
Situk Lower,Situk RIver,2010,7/3/2010,3-Jul,Counted live,Sockeye,Adult,437
Situk Lower,Situk RIver,2010,7/4/2010,4-Jul,Counted live,Sockeye,Adult,3026
Situk Lower,Situk RIver,2010,7/5/2010,5-Jul,Counted live,Sockeye,Adult,1856
Situk Lower,Situk RIver,2010,7/6/2010,6-Jul,Calculated value,Sockeye,Adult,1957
Situk Lower,Situk RIver,2010,7/7/2010,7-Jul,Calculated value,Sockeye,Adult,1474
Situk Lower,Situk RIver,2010,7/8/2010,8-Jul,Calculated value,Sockeye,Adult,990
Situk Lower,Situk RIver,2010,7/9/2010,9-Jul,Counted live,Sockeye,Adult,1012
Situk Lower,Situk RIver,2010,7/10/2010,10-Jul,Counted live,Sockeye,Adult,1140
Situk Lower,Situk RIver,2010,7/11/2010,11-Jul,Calculated value,Sockeye,Adult,932
Situk Lower,Situk RIver,2010,7/12/2010,12-Jul,Calculated value,Sockeye,Adult,787
Situk Lower,Situk RIver,2010,7/13/2010,13-Jul,Calculated value,Sockeye,Adult,643
Situk Lower,Situk RIver,2010,7/14/2010,14-Jul,Counted live,Sockeye,Adult,742
Situk Lower,Situk RIver,2010,7/15/2010,15-Jul,Counted live,Sockeye,Adult,255
Situk Lower,Situk RIver,2010,7/16/2010,16-Jul,Counted live,Sockeye,Adult,970
Situk Lower,Situk RIver,2010,7/17/2010,17-Jul,Counted live,Sockeye,Adult,2013
Situk Lower,Situk RIver,2010,7/18/2010,18-Jul,Counted live,Sockeye,Adult,35
Situk Lower,Situk RIver,2010,7/19/2010,19-Jul,Counted live,Sockeye,Adult,465
Situk Lower,Situk RIver,2010,7/20/2010,20-Jul,Counted live,Sockeye,Adult,4
Situk Lower,Situk RIver,2010,7/21/2010,21-Jul,Counted live,Sockeye,Adult,1604
Situk Lower,Situk RIver,2010,7/22/2010,22-Jul,Counted live,Sockeye,Adult,1159
Situk Lower,Situk RIver,2010,7/23/2010,23-Jul,Counted live,Sockeye,Adult,371
Situk Lower,Situk RIver,2010,7/24/2010,24-Jul,Counted live,Sockeye,Adult,721
Situk Lower,Situk RIver,2010,7/25/2010,25-Jul,Counted live,Sockeye,Adult,3469
Situk Lower,Situk RIver,2010,7/26/2010,26-Jul,Counted live,Sockeye,Adult,1148
Situk Lower,Situk RIver,2010,7/27/2010,27-Jul,Counted live,Sockeye,Adult,71
Situk Lower,Situk RIver,2010,7/28/2010,28-Jul,Counted live,Sockeye,Adult,488
Situk Lower,Situk RIver,2010,7/29/2010,29-Jul,Counted live,Sockeye,Adult,518
Situk Lower,Situk RIver,2010,7/30/2010,30-Jul,Counted live,Sockeye,Adult,426
Situk Lower,Situk RIver,2010,7/31/2010,31-Jul,Counted live,Sockeye,Adult,36
Situk Lower,Situk RIver,2010,8/1/2010,1-Aug,Counted live,Sockeye,Adult,10
Situk Lower,Situk RIver,2010,8/2/2010,2-Aug,Counted live,Sockeye,Adult,135
Situk Lower,Situk RIver,2010,8/3/2010,3-Aug,Counted live,Sockeye,Adult,135
Situk Lower,Situk RIver,2010,8/4/2010,4-Aug,Counted live,Sockeye,Adult,150
Situk Lower,Situk RIver,2011,5/15/2011,15-May,Counted live,Sockeye,Adult,3
Situk Lower,Situk RIver,2011,5/27/2011,27-May,Counted live,Sockeye,Adult,3
Situk Lower,Situk RIver,2011,5/28/2011,28-May,Counted live,Sockeye,Adult,7
Situk Lower,Situk RIver,2011,5/31/2011,31-May,Counted live,Sockeye,Adult,5
Situk Lower,Situk RIver,2011,6/1/2011,1-Jun,Counted live,Sockeye,Adult,81
Situk Lower,Situk RIver,2011,6/2/2011,2-Jun,Counted live,Sockeye,Adult,1
Situk Lower,Situk RIver,2011,6/3/2011,3-Jun,Counted live,Sockeye,Adult,10
Situk Lower,Situk RIver,2011,6/4/2011,4-Jun,Counted live,Sockeye,Adult,18
Situk Lower,Situk RIver,2011,6/5/2011,5-Jun,Counted live,Sockeye,Adult,4
Situk Lower,Situk RIver,2011,6/6/2011,6-Jun,Counted live,Sockeye,Adult,9
Situk Lower,Situk RIver,2011,6/7/2011,7-Jun,Counted live,Sockeye,Adult,17
Situk Lower,Situk RIver,2011,6/8/2011,8-Jun,Counted live,Sockeye,Adult,40
Situk Lower,Situk RIver,2011,6/9/2011,9-Jun,Counted live,Sockeye,Adult,2
Situk Lower,Situk RIver,2011,6/10/2011,10-Jun,Counted live,Sockeye,Adult,337
Situk Lower,Situk RIver,2011,6/11/2011,11-Jun,Counted live,Sockeye,Adult,339
Situk Lower,Situk RIver,2011,6/12/2011,12-Jun,Counted live,Sockeye,Adult,45
Situk Lower,Situk RIver,2011,6/13/2011,13-Jun,Counted live,Sockeye,Adult,2
Situk Lower,Situk RIver,2011,6/14/2011,14-Jun,Counted live,Sockeye,Adult,5
Situk Lower,Situk RIver,2011,6/15/2011,15-Jun,Counted live,Sockeye,Adult,1568
Situk Lower,Situk RIver,2011,6/16/2011,16-Jun,Counted live,Sockeye,Adult,618
Situk Lower,Situk RIver,2011,6/17/2011,17-Jun,Counted live,Sockeye,Adult,3
Situk Lower,Situk RIver,2011,6/18/2011,18-Jun,Counted live,Sockeye,Adult,467
Situk Lower,Situk RIver,2011,6/19/2011,19-Jun,Counted live,Sockeye,Adult,174
Situk Lower,Situk RIver,2011,6/20/2011,20-Jun,Counted live,Sockeye,Adult,476
Situk Lower,Situk RIver,2011,6/21/2011,21-Jun,Counted live,Sockeye,Adult,83
Situk Lower,Situk RIver,2011,6/22/2011,22-Jun,Counted live,Sockeye,Adult,3153
Situk Lower,Situk RIver,2011,6/23/2011,23-Jun,Counted live,Sockeye,Adult,2153
Situk Lower,Situk RIver,2011,6/24/2011,24-Jun,Counted live,Sockeye,Adult,709
Situk Lower,Situk RIver,2011,6/25/2011,25-Jun,Counted live,Sockeye,Adult,714
Situk Lower,Situk RIver,2011,6/26/2011,26-Jun,Counted live,Sockeye,Adult,1595
Situk Lower,Situk RIver,2011,6/27/2011,27-Jun,Counted live,Sockeye,Adult,2499
Situk Lower,Situk RIver,2011,6/28/2011,28-Jun,Counted live,Sockeye,Adult,2293
Situk Lower,Situk RIver,2011,6/29/2011,29-Jun,Counted live,Sockeye,Adult,40
Situk Lower,Situk RIver,2011,6/30/2011,30-Jun,Counted live,Sockeye,Adult,4877
Situk Lower,Situk RIver,2011,7/1/2011,1-Jul,Counted live,Sockeye,Adult,3405
Situk Lower,Situk RIver,2011,7/2/2011,2-Jul,Counted live,Sockeye,Adult,2075
Situk Lower,Situk RIver,2011,7/3/2011,3-Jul,Counted live,Sockeye,Adult,2617
Situk Lower,Situk RIver,2011,7/4/2011,4-Jul,Counted live,Sockeye,Adult,3967
Situk Lower,Situk RIver,2011,7/5/2011,5-Jul,Counted live,Sockeye,Adult,77
Situk Lower,Situk RIver,2011,7/6/2011,6-Jul,Counted live,Sockeye,Adult,394
Situk Lower,Situk RIver,2011,7/7/2011,7-Jul,Counted live,Sockeye,Adult,218
Situk Lower,Situk RIver,2011,7/8/2011,8-Jul,Counted live,Sockeye,Adult,5347
Situk Lower,Situk RIver,2011,7/9/2011,9-Jul,Counted live,Sockeye,Adult,2921
Situk Lower,Situk RIver,2011,7/10/2011,10-Jul,Counted live,Sockeye,Adult,4001
Situk Lower,Situk RIver,2011,7/11/2011,11-Jul,Counted live,Sockeye,Adult,3293
Situk Lower,Situk RIver,2011,7/12/2011,12-Jul,Counted live,Sockeye,Adult,2178
Situk Lower,Situk RIver,2011,7/13/2011,13-Jul,Counted live,Sockeye,Adult,931
Situk Lower,Situk RIver,2011,7/14/2011,14-Jul,Counted live,Sockeye,Adult,2512
Situk Lower,Situk RIver,2011,7/15/2011,15-Jul,Counted live,Sockeye,Adult,816
Situk Lower,Situk RIver,2011,7/16/2011,16-Jul,Counted live,Sockeye,Adult,3722
Situk Lower,Situk RIver,2011,7/17/2011,17-Jul,Counted live,Sockeye,Adult,2357
Situk Lower,Situk RIver,2011,7/18/2011,18-Jul,Counted live,Sockeye,Adult,1667
Situk Lower,Situk RIver,2011,7/19/2011,19-Jul,Counted live,Sockeye,Adult,5826
Situk Lower,Situk RIver,2011,7/20/2011,20-Jul,Counted live,Sockeye,Adult,2138
Situk Lower,Situk RIver,2011,7/21/2011,21-Jul,Counted live,Sockeye,Adult,2091
Situk Lower,Situk RIver,2011,7/22/2011,22-Jul,Counted live,Sockeye,Adult,1347
Situk Lower,Situk RIver,2011,7/23/2011,23-Jul,Counted live,Sockeye,Adult,3384
Situk Lower,Situk RIver,2011,7/24/2011,24-Jul,Counted live,Sockeye,Adult,621
Situk Lower,Situk RIver,2011,7/25/2011,25-Jul,Counted live,Sockeye,Adult,789
Situk Lower,Situk RIver,2011,7/26/2011,26-Jul,Counted live,Sockeye,Adult,788
Situk Lower,Situk RIver,2011,7/27/2011,27-Jul,Counted live,Sockeye,Adult,609
Situk Lower,Situk RIver,2011,7/28/2011,28-Jul,Counted live,Sockeye,Adult,367
Situk Lower,Situk RIver,2011,7/29/2011,29-Jul,Counted live,Sockeye,Adult,1395
Situk Lower,Situk RIver,2011,7/30/2011,30-Jul,Counted live,Sockeye,Adult,739
Situk Lower,Situk RIver,2011,7/31/2011,31-Jul,Counted live,Sockeye,Adult,513
Situk Lower,Situk RIver,2011,8/1/2011,1-Aug,Counted live,Sockeye,Adult,332
Situk Lower,Situk RIver,2011,8/2/2011,2-Aug,Counted live,Sockeye,Adult,518
Situk Lower,Situk RIver,2011,8/3/2011,3-Aug,Counted live,Sockeye,Adult,229
Situk Lower,Situk RIver,2011,8/4/2011,4-Aug,Counted live,Sockeye,Adult,1913
Situk Lower,Situk RIver,2011,8/5/2011,5-Aug,Counted live,Sockeye,Adult,265
Situk Lower,Situk RIver,2011,8/6/2011,6-Aug,Counted live,Sockeye,Adult,1095
Situk Lower,Situk RIver,2011,8/7/2011,7-Aug,Counted live,Sockeye,Adult,136
Situk Lower,Situk RIver,2012,5/31/2012,31-May,Counted live,Sockeye,Adult,2
Situk Lower,Situk RIver,2012,6/1/2012,1-Jun,Counted live,Sockeye,Adult,1
Situk Lower,Situk RIver,2012,6/6/2012,6-Jun,Counted live,Sockeye,Adult,1
Situk Lower,Situk RIver,2012,6/8/2012,8-Jun,Counted live,Sockeye,Adult,4
Situk Lower,Situk RIver,2012,6/9/2012,9-Jun,Counted live,Sockeye,Adult,1
Situk Lower,Situk RIver,2012,6/10/2012,10-Jun,Counted live,Sockeye,Adult,1
Situk Lower,Situk RIver,2012,6/13/2012,13-Jun,Counted live,Sockeye,Adult,3
Situk Lower,Situk RIver,2012,6/14/2012,14-Jun,Counted live,Sockeye,Adult,2
Situk Lower,Situk RIver,2012,6/16/2012,16-Jun,Counted live,Sockeye,Adult,2
Situk Lower,Situk RIver,2012,6/17/2012,17-Jun,Counted live,Sockeye,Adult,32
Situk Lower,Situk RIver,2012,6/18/2012,18-Jun,Counted live,Sockeye,Adult,344
Situk Lower,Situk RIver,2012,6/20/2012,20-Jun,Counted live,Sockeye,Adult,16
Situk Lower,Situk RIver,2012,6/21/2012,21-Jun,Counted live,Sockeye,Adult,769
Situk Lower,Situk RIver,2012,6/22/2012,22-Jun,Counted live,Sockeye,Adult,3053
Situk Lower,Situk RIver,2012,6/23/2012,23-Jun,Counted live,Sockeye,Adult,462
Situk Lower,Situk RIver,2012,6/24/2012,24-Jun,Counted live,Sockeye,Adult,65
Situk Lower,Situk RIver,2012,6/25/2012,25-Jun,Counted live,Sockeye,Adult,340
Situk Lower,Situk RIver,2012,6/26/2012,26-Jun,Counted live,Sockeye,Adult,4787
Situk Lower,Situk RIver,2012,6/27/2012,27-Jun,Counted live,Sockeye,Adult,705
Situk Lower,Situk RIver,2012,6/28/2012,28-Jun,Counted live,Sockeye,Adult,3098
Situk Lower,Situk RIver,2012,6/29/2012,29-Jun,Counted live,Sockeye,Adult,54
Situk Lower,Situk RIver,2012,6/30/2012,30-Jun,Counted live,Sockeye,Adult,1083
Situk Lower,Situk RIver,2012,7/1/2012,1-Jul,Counted live,Sockeye,Adult,470
Situk Lower,Situk RIver,2012,7/2/2012,2-Jul,Counted live,Sockeye,Adult,76
Situk Lower,Situk RIver,2012,7/3/2012,3-Jul,Counted live,Sockeye,Adult,245
Situk Lower,Situk RIver,2012,7/4/2012,4-Jul,Counted live,Sockeye,Adult,1379
Situk Lower,Situk RIver,2012,7/5/2012,5-Jul,Counted live,Sockeye,Adult,1178
Situk Lower,Situk RIver,2012,7/6/2012,6-Jul,Counted live,Sockeye,Adult,3300
Situk Lower,Situk RIver,2012,7/7/2012,7-Jul,Counted live,Sockeye,Adult,1727
Situk Lower,Situk RIver,2012,7/8/2012,8-Jul,Counted live,Sockeye,Adult,882
Situk Lower,Situk RIver,2012,7/9/2012,9-Jul,Counted live,Sockeye,Adult,971
Situk Lower,Situk RIver,2012,7/10/2012,10-Jul,Counted live,Sockeye,Adult,1304
Situk Lower,Situk RIver,2012,7/11/2012,11-Jul,Counted live,Sockeye,Adult,1452
Situk Lower,Situk RIver,2012,7/12/2012,12-Jul,Counted live,Sockeye,Adult,1715
Situk Lower,Situk RIver,2012,7/13/2012,13-Jul,Counted live,Sockeye,Adult,937
Situk Lower,Situk RIver,2012,7/14/2012,14-Jul,Counted live,Sockeye,Adult,679
Situk Lower,Situk RIver,2012,7/15/2012,15-Jul,Counted live,Sockeye,Adult,77
Situk Lower,Situk RIver,2012,7/16/2012,16-Jul,Counted live,Sockeye,Adult,552
Situk Lower,Situk RIver,2012,7/17/2012,17-Jul,Counted live,Sockeye,Adult,819
Situk Lower,Situk RIver,2012,7/18/2012,18-Jul,Counted live,Sockeye,Adult,975
Situk Lower,Situk RIver,2012,7/19/2012,19-Jul,Counted live,Sockeye,Adult,2906
Situk Lower,Situk RIver,2012,7/20/2012,20-Jul,Counted live,Sockeye,Adult,1184
Situk Lower,Situk RIver,2012,7/21/2012,21-Jul,Counted live,Sockeye,Adult,508
Situk Lower,Situk RIver,2012,7/22/2012,22-Jul,Counted live,Sockeye,Adult,552
Situk Lower,Situk RIver,2012,7/23/2012,23-Jul,Counted live,Sockeye,Adult,199
Situk Lower,Situk RIver,2012,7/24/2012,24-Jul,Counted live,Sockeye,Adult,657
Situk Lower,Situk RIver,2012,7/25/2012,25-Jul,Counted live,Sockeye,Adult,3074
Situk Lower,Situk RIver,2012,7/26/2012,26-Jul,Counted live,Sockeye,Adult,4320
Situk Lower,Situk RIver,2012,7/27/2012,27-Jul,Counted live,Sockeye,Adult,2317
Situk Lower,Situk RIver,2012,7/28/2012,28-Jul,Counted live,Sockeye,Adult,2265
Situk Lower,Situk RIver,2012,7/29/2012,29-Jul,Counted live,Sockeye,Adult,2548
Situk Lower,Situk RIver,2012,7/30/2012,30-Jul,Counted live,Sockeye,Adult,643
Situk Lower,Situk RIver,2012,7/31/2012,31-Jul,Counted live,Sockeye,Adult,1152
Situk Lower,Situk RIver,2012,8/1/2012,1-Aug,Counted live,Sockeye,Adult,591
Situk Lower,Situk RIver,2012,8/2/2012,2-Aug,Counted live,Sockeye,Adult,1691
Situk Lower,Situk RIver,2012,8/3/2012,3-Aug,Counted live,Sockeye,Adult,871
Situk Lower,Situk RIver,2012,8/4/2012,4-Aug,Counted live,Sockeye,Adult,2393
Situk Lower,Situk RIver,2012,8/5/2012,5-Aug,Counted live,Sockeye,Adult,702
Situk Lower,Situk RIver,2012,8/6/2012,6-Aug,Counted live,Sockeye,Adult,164
Situk Lower,Situk RIver,2012,8/7/2012,7-Aug,Counted live,Sockeye,Adult,159
Situk Lower,Situk RIver,2013,5/31/2013,31-May,Counted live,Sockeye,Adult,509
Situk Lower,Situk RIver,2013,6/1/2013,1-Jun,Counted live,Sockeye,Adult,38
Situk Lower,Situk RIver,2013,6/2/2013,2-Jun,Counted live,Sockeye,Adult,265
Situk Lower,Situk RIver,2013,6/3/2013,3-Jun,Counted live,Sockeye,Adult,11
Situk Lower,Situk RIver,2013,6/4/2013,4-Jun,Counted live,Sockeye,Adult,257
Situk Lower,Situk RIver,2013,6/5/2013,5-Jun,Counted live,Sockeye,Adult,1220
Situk Lower,Situk RIver,2013,6/6/2013,6-Jun,Counted live,Sockeye,Adult,534
Situk Lower,Situk RIver,2013,6/7/2013,7-Jun,Counted live,Sockeye,Adult,658
Situk Lower,Situk RIver,2013,6/8/2013,8-Jun,Counted live,Sockeye,Adult,1862
Situk Lower,Situk RIver,2013,6/9/2013,9-Jun,Counted live,Sockeye,Adult,786
Situk Lower,Situk RIver,2013,6/10/2013,10-Jun,Counted live,Sockeye,Adult,1260
Situk Lower,Situk RIver,2013,6/11/2013,11-Jun,Counted live,Sockeye,Adult,1658
Situk Lower,Situk RIver,2013,6/12/2013,12-Jun,Counted live,Sockeye,Adult,2970
Situk Lower,Situk RIver,2013,6/13/2013,13-Jun,Counted live,Sockeye,Adult,13
Situk Lower,Situk RIver,2013,6/14/2013,14-Jun,Counted live,Sockeye,Adult,2170
Situk Lower,Situk RIver,2013,6/15/2013,15-Jun,Counted live,Sockeye,Adult,2342
Situk Lower,Situk RIver,2013,6/16/2013,16-Jun,Counted live,Sockeye,Adult,3443
Situk Lower,Situk RIver,2013,6/17/2013,17-Jun,Counted live,Sockeye,Adult,2131
Situk Lower,Situk RIver,2013,6/18/2013,18-Jun,Counted live,Sockeye,Adult,948
Situk Lower,Situk RIver,2013,6/19/2013,19-Jun,Counted live,Sockeye,Adult,681
Situk Lower,Situk RIver,2013,6/20/2013,20-Jun,Counted live,Sockeye,Adult,1895
Situk Lower,Situk RIver,2013,6/21/2013,21-Jun,Counted live,Sockeye,Adult,2458
Situk Lower,Situk RIver,2013,6/22/2013,22-Jun,Counted live,Sockeye,Adult,2335
Situk Lower,Situk RIver,2013,6/23/2013,23-Jun,Counted live,Sockeye,Adult,1233
Situk Lower,Situk RIver,2013,6/24/2013,24-Jun,Counted live,Sockeye,Adult,1252
Situk Lower,Situk RIver,2013,6/25/2013,25-Jun,Counted live,Sockeye,Adult,2588
Situk Lower,Situk RIver,2013,6/26/2013,26-Jun,Counted live,Sockeye,Adult,3473
Situk Lower,Situk RIver,2013,6/27/2013,27-Jun,Counted live,Sockeye,Adult,2869
Situk Lower,Situk RIver,2013,6/28/2013,28-Jun,Counted live,Sockeye,Adult,5927
Situk Lower,Situk RIver,2013,6/29/2013,29-Jun,Counted live,Sockeye,Adult,4905
Situk Lower,Situk RIver,2013,6/30/2013,30-Jun,Counted live,Sockeye,Adult,2116
Situk Lower,Situk RIver,2013,7/1/2013,1-Jul,Counted live,Sockeye,Adult,1869
Situk Lower,Situk RIver,2013,7/2/2013,2-Jul,Counted live,Sockeye,Adult,1646
Situk Lower,Situk RIver,2013,7/3/2013,3-Jul,Counted live,Sockeye,Adult,1543
Situk Lower,Situk RIver,2013,7/4/2013,4-Jul,Counted live,Sockeye,Adult,6851
Situk Lower,Situk RIver,2013,7/5/2013,5-Jul,Counted live,Sockeye,Adult,2436
Situk Lower,Situk RIver,2013,7/6/2013,6-Jul,Counted live,Sockeye,Adult,4524
Situk Lower,Situk RIver,2013,7/7/2013,7-Jul,Counted live,Sockeye,Adult,864
Situk Lower,Situk RIver,2013,7/8/2013,8-Jul,Counted live,Sockeye,Adult,439
Situk Lower,Situk RIver,2013,7/9/2013,9-Jul,Counted live,Sockeye,Adult,332
Situk Lower,Situk RIver,2013,7/10/2013,10-Jul,Counted live,Sockeye,Adult,305
Situk Lower,Situk RIver,2013,7/11/2013,11-Jul,Counted live,Sockeye,Adult,1081
Situk Lower,Situk RIver,2013,7/12/2013,12-Jul,Counted live,Sockeye,Adult,2720
Situk Lower,Situk RIver,2013,7/13/2013,13-Jul,Counted live,Sockeye,Adult,4582
Situk Lower,Situk RIver,2013,7/14/2013,14-Jul,Counted live,Sockeye,Adult,5101
Situk Lower,Situk RIver,2013,7/15/2013,15-Jul,Counted live,Sockeye,Adult,3404
Situk Lower,Situk RIver,2013,7/16/2013,16-Jul,Counted live,Sockeye,Adult,1636
Situk Lower,Situk RIver,2013,7/17/2013,17-Jul,Counted live,Sockeye,Adult,1915
Situk Lower,Situk RIver,2013,7/18/2013,18-Jul,Counted live,Sockeye,Adult,663
Situk Lower,Situk RIver,2013,7/19/2013,19-Jul,Counted live,Sockeye,Adult,1154
Situk Lower,Situk RIver,2013,7/20/2013,20-Jul,Counted live,Sockeye,Adult,2085
Situk Lower,Situk RIver,2013,7/21/2013,21-Jul,Counted live,Sockeye,Adult,2324
Situk Lower,Situk RIver,2013,7/22/2013,22-Jul,Counted live,Sockeye,Adult,1654
Situk Lower,Situk RIver,2013,7/23/2013,23-Jul,Counted live,Sockeye,Adult,2048
Situk Lower,Situk RIver,2013,7/24/2013,24-Jul,Counted live,Sockeye,Adult,1780
Situk Lower,Situk RIver,2013,7/25/2013,25-Jul,Counted live,Sockeye,Adult,700
Situk Lower,Situk RIver,2013,7/26/2013,26-Jul,Counted live,Sockeye,Adult,3110
Situk Lower,Situk RIver,2013,7/27/2013,27-Jul,Counted live,Sockeye,Adult,1242
Situk Lower,Situk RIver,2013,7/28/2013,28-Jul,Counted live,Sockeye,Adult,2223
Situk Lower,Situk RIver,2013,7/29/2013,29-Jul,Counted live,Sockeye,Adult,1223
Situk Lower,Situk RIver,2013,7/30/2013,30-Jul,Counted live,Sockeye,Adult,443
Situk Lower,Situk RIver,2013,7/31/2013,31-Jul,Counted live,Sockeye,Adult,1218
Situk Lower,Situk RIver,2013,8/1/2013,1-Aug,Counted live,Sockeye,Adult,327
Situk Lower,Situk RIver,2013,8/2/2013,2-Aug,Counted live,Sockeye,Adult,250
Situk Lower,Situk RIver,2013,8/3/2013,3-Aug,Counted live,Sockeye,Adult,181
Situk Lower,Situk RIver,2013,8/4/2013,4-Aug,Counted live,Sockeye,Adult,87
Situk Lower,Situk RIver,2014,5/31/2014,31-May,Counted live,Sockeye,Adult,12
Situk Lower,Situk RIver,2014,6/8/2014,8-Jun,Counted live,Sockeye,Adult,2
Situk Lower,Situk RIver,2014,6/9/2014,9-Jun,Counted live,Sockeye,Adult,33
Situk Lower,Situk RIver,2014,6/10/2014,10-Jun,Counted live,Sockeye,Adult,955
Situk Lower,Situk RIver,2014,6/11/2014,11-Jun,Counted live,Sockeye,Adult,244
Situk Lower,Situk RIver,2014,6/12/2014,12-Jun,Counted live,Sockeye,Adult,484
Situk Lower,Situk RIver,2014,6/13/2014,13-Jun,Counted live,Sockeye,Adult,1464
Situk Lower,Situk RIver,2014,6/14/2014,14-Jun,Counted live,Sockeye,Adult,2011
Situk Lower,Situk RIver,2014,6/15/2014,15-Jun,Counted live,Sockeye,Adult,141
Situk Lower,Situk RIver,2014,6/16/2014,16-Jun,Counted live,Sockeye,Adult,383
Situk Lower,Situk RIver,2014,6/17/2014,17-Jun,Counted live,Sockeye,Adult,2083
Situk Lower,Situk RIver,2014,6/19/2014,19-Jun,Counted live,Sockeye,Adult,1226
Situk Lower,Situk RIver,2014,6/20/2014,20-Jun,Counted live,Sockeye,Adult,623
Situk Lower,Situk RIver,2014,6/21/2014,21-Jun,Counted live,Sockeye,Adult,324
Situk Lower,Situk RIver,2014,6/22/2014,22-Jun,Counted live,Sockeye,Adult,727
Situk Lower,Situk RIver,2014,6/23/2014,23-Jun,Counted live,Sockeye,Adult,1626
Situk Lower,Situk RIver,2014,6/24/2014,24-Jun,Counted live,Sockeye,Adult,1368
Situk Lower,Situk RIver,2014,6/25/2014,25-Jun,Counted live,Sockeye,Adult,1540
Situk Lower,Situk RIver,2014,6/26/2014,26-Jun,Counted live,Sockeye,Adult,891
Situk Lower,Situk RIver,2014,6/27/2014,27-Jun,Counted live,Sockeye,Adult,1495
Situk Lower,Situk RIver,2014,6/28/2014,28-Jun,Counted live,Sockeye,Adult,1693
Situk Lower,Situk RIver,2014,6/29/2014,29-Jun,Counted live,Sockeye,Adult,1683
Situk Lower,Situk RIver,2014,6/30/2014,30-Jun,Counted live,Sockeye,Adult,662
Situk Lower,Situk RIver,2014,7/1/2014,1-Jul,Counted live,Sockeye,Adult,2575
Situk Lower,Situk RIver,2014,7/2/2014,2-Jul,Counted live,Sockeye,Adult,1566
Situk Lower,Situk RIver,2014,7/3/2014,3-Jul,Counted live,Sockeye,Adult,801
Situk Lower,Situk RIver,2014,7/4/2014,4-Jul,Counted live,Sockeye,Adult,470
Situk Lower,Situk RIver,2014,7/5/2014,5-Jul,Counted live,Sockeye,Adult,6362
Situk Lower,Situk RIver,2014,7/6/2014,6-Jul,Counted live,Sockeye,Adult,636
Situk Lower,Situk RIver,2014,7/7/2014,7-Jul,Counted live,Sockeye,Adult,1723
Situk Lower,Situk RIver,2014,7/8/2014,8-Jul,Counted live,Sockeye,Adult,4379
Situk Lower,Situk RIver,2014,7/9/2014,9-Jul,Counted live,Sockeye,Adult,1735
Situk Lower,Situk RIver,2014,7/10/2014,10-Jul,Counted live,Sockeye,Adult,1336
Situk Lower,Situk RIver,2014,7/11/2014,11-Jul,Counted live,Sockeye,Adult,3522
Situk Lower,Situk RIver,2014,7/12/2014,12-Jul,Counted live,Sockeye,Adult,1567
Situk Lower,Situk RIver,2014,7/13/2014,13-Jul,Counted live,Sockeye,Adult,2498
Situk Lower,Situk RIver,2014,7/14/2014,14-Jul,Counted live,Sockeye,Adult,2033
Situk Lower,Situk RIver,2014,7/15/2014,15-Jul,Counted live,Sockeye,Adult,1138
Situk Lower,Situk RIver,2014,7/16/2014,16-Jul,Counted live,Sockeye,Adult,1990
Situk Lower,Situk RIver,2014,7/17/2014,17-Jul,Counted live,Sockeye,Adult,3347
Situk Lower,Situk RIver,2014,7/18/2014,18-Jul,Counted live,Sockeye,Adult,6097
Situk Lower,Situk RIver,2014,7/19/2014,19-Jul,Counted live,Sockeye,Adult,2311
Situk Lower,Situk RIver,2014,7/20/2014,20-Jul,Counted live,Sockeye,Adult,6429
Situk Lower,Situk RIver,2014,7/21/2014,21-Jul,Counted live,Sockeye,Adult,3083
Situk Lower,Situk RIver,2014,7/22/2014,22-Jul,Counted live,Sockeye,Adult,1587
Situk Lower,Situk RIver,2014,7/23/2014,23-Jul,Counted live,Sockeye,Adult,1104
Situk Lower,Situk RIver,2014,7/24/2014,24-Jul,Counted live,Sockeye,Adult,2216
Situk Lower,Situk RIver,2014,7/25/2014,25-Jul,Counted live,Sockeye,Adult,2210
Situk Lower,Situk RIver,2014,7/26/2014,26-Jul,Counted live,Sockeye,Adult,3527
Situk Lower,Situk RIver,2014,7/27/2014,27-Jul,Counted live,Sockeye,Adult,4920
Situk Lower,Situk RIver,2014,7/28/2014,28-Jul,Counted live,Sockeye,Adult,347
Situk Lower,Situk RIver,2014,7/29/2014,29-Jul,Counted live,Sockeye,Adult,2404
Situk Lower,Situk RIver,2014,7/30/2014,30-Jul,Counted live,Sockeye,Adult,41
Situk Lower,Situk RIver,2014,7/31/2014,31-Jul,Counted live,Sockeye,Adult,779
Situk Lower,Situk RIver,2014,8/1/2014,1-Aug,Counted live,Sockeye,Adult,1625
Situk Lower,Situk RIver,2014,8/2/2014,2-Aug,Counted live,Sockeye,Adult,1680
Situk Lower,Situk RIver,2014,8/3/2014,3-Aug,Counted live,Sockeye,Adult,1563
Situk Lower,Situk RIver,2014,8/4/2014,4-Aug,Counted live,Sockeye,Adult,681
Situk Lower,Situk RIver,2014,8/5/2014,5-Aug,Counted live,Sockeye,Adult,1042
Situk Lower,Situk RIver,2015,5/31/2015,31-May,Counted live,Sockeye,Adult,26
Situk Lower,Situk RIver,2015,6/1/2015,1-Jun,Counted live,Sockeye,Adult,2
Situk Lower,Situk RIver,2015,6/2/2015,2-Jun,Counted live,Sockeye,Adult,0
Situk Lower,Situk RIver,2015,6/3/2015,3-Jun,Counted live,Sockeye,Adult,0
Situk Lower,Situk RIver,2015,6/4/2015,4-Jun,Counted live,Sockeye,Adult,0
Situk Lower,Situk RIver,2015,6/5/2015,5-Jun,Counted live,Sockeye,Adult,0
Situk Lower,Situk RIver,2015,6/6/2015,6-Jun,Counted live,Sockeye,Adult,0
Situk Lower,Situk RIver,2015,6/7/2015,7-Jun,Counted live,Sockeye,Adult,0
Situk Lower,Situk RIver,2015,6/8/2015,8-Jun,Counted live,Sockeye,Adult,3
Situk Lower,Situk RIver,2015,6/9/2015,9-Jun,Counted live,Sockeye,Adult,0
Situk Lower,Situk RIver,2015,6/10/2015,10-Jun,Counted live,Sockeye,Adult,42
Situk Lower,Situk RIver,2015,6/11/2015,11-Jun,Counted live,Sockeye,Adult,424
Situk Lower,Situk RIver,2015,6/12/2015,12-Jun,Counted live,Sockeye,Adult,32
Situk Lower,Situk RIver,2015,6/13/2015,13-Jun,Counted live,Sockeye,Adult,571
Situk Lower,Situk RIver,2015,6/14/2015,14-Jun,Counted live,Sockeye,Adult,251
Situk Lower,Situk RIver,2015,6/15/2015,15-Jun,Counted live,Sockeye,Adult,0
Situk Lower,Situk RIver,2015,6/16/2015,16-Jun,Counted live,Sockeye,Adult,389
Situk Lower,Situk RIver,2015,6/17/2015,17-Jun,Counted live,Sockeye,Adult,406
Situk Lower,Situk RIver,2015,6/18/2015,18-Jun,Counted live,Sockeye,Adult,93
Situk Lower,Situk RIver,2015,6/19/2015,19-Jun,Counted live,Sockeye,Adult,58
Situk Lower,Situk RIver,2015,6/20/2015,20-Jun,Counted live,Sockeye,Adult,1029
Situk Lower,Situk RIver,2015,6/21/2015,21-Jun,Counted live,Sockeye,Adult,52
Situk Lower,Situk RIver,2015,6/22/2015,22-Jun,Counted live,Sockeye,Adult,329
Situk Lower,Situk RIver,2015,6/23/2015,23-Jun,Counted live,Sockeye,Adult,147
Situk Lower,Situk RIver,2015,6/24/2015,24-Jun,Counted live,Sockeye,Adult,744
Situk Lower,Situk RIver,2015,6/25/2015,25-Jun,Counted live,Sockeye,Adult,138
Situk Lower,Situk RIver,2015,6/26/2015,26-Jun,Counted live,Sockeye,Adult,860
Situk Lower,Situk RIver,2015,6/27/2015,27-Jun,Counted live,Sockeye,Adult,1454
Situk Lower,Situk RIver,2015,6/28/2015,28-Jun,Counted live,Sockeye,Adult,2933
Situk Lower,Situk RIver,2015,6/29/2015,29-Jun,Counted live,Sockeye,Adult,1429
Situk Lower,Situk RIver,2015,6/30/2015,30-Jun,Counted live,Sockeye,Adult,150
Situk Lower,Situk RIver,2015,7/1/2015,1-Jul,Counted live,Sockeye,Adult,1021
Situk Lower,Situk RIver,2015,7/2/2015,2-Jul,Counted live,Sockeye,Adult,2142
Situk Lower,Situk RIver,2015,7/3/2015,3-Jul,Counted live,Sockeye,Adult,3050
Situk Lower,Situk RIver,2015,7/4/2015,4-Jul,Counted live,Sockeye,Adult,2584
Situk Lower,Situk RIver,2015,7/5/2015,5-Jul,Counted live,Sockeye,Adult,4133
Situk Lower,Situk RIver,2015,7/6/2015,6-Jul,Counted live,Sockeye,Adult,4155
Situk Lower,Situk RIver,2015,7/7/2015,7-Jul,Counted live,Sockeye,Adult,648
Situk Lower,Situk RIver,2015,7/8/2015,8-Jul,Counted live,Sockeye,Adult,3282
Situk Lower,Situk RIver,2015,7/9/2015,9-Jul,Counted live,Sockeye,Adult,1772
Situk Lower,Situk RIver,2015,7/10/2015,10-Jul,Counted live,Sockeye,Adult,1609
Situk Lower,Situk RIver,2015,7/11/2015,11-Jul,Counted live,Sockeye,Adult,2708
Situk Lower,Situk RIver,2015,7/12/2015,12-Jul,Counted live,Sockeye,Adult,5650
Situk Lower,Situk RIver,2015,7/13/2015,13-Jul,Counted live,Sockeye,Adult,2907
Situk Lower,Situk RIver,2015,7/14/2015,14-Jul,Counted live,Sockeye,Adult,3416
Situk Lower,Situk RIver,2015,7/15/2015,15-Jul,Counted live,Sockeye,Adult,2322
Situk Lower,Situk RIver,2015,7/16/2015,16-Jul,Counted live,Sockeye,Adult,1255
Situk Lower,Situk RIver,2015,7/17/2015,17-Jul,Counted live,Sockeye,Adult,5061
Situk Lower,Situk RIver,2015,7/18/2015,18-Jul,Counted live,Sockeye,Adult,794
Situk Lower,Situk RIver,2015,7/19/2015,19-Jul,Counted live,Sockeye,Adult,2522
Situk Lower,Situk RIver,2015,7/20/2015,20-Jul,Counted live,Sockeye,Adult,3239
Situk Lower,Situk RIver,2015,7/21/2015,21-Jul,Counted live,Sockeye,Adult,3165
Situk Lower,Situk RIver,2015,7/22/2015,22-Jul,Counted live,Sockeye,Adult,683
Situk Lower,Situk RIver,2015,7/23/2015,23-Jul,Counted live,Sockeye,Adult,707
Situk Lower,Situk RIver,2015,7/24/2015,24-Jul,Counted live,Sockeye,Adult,2150
Situk Lower,Situk RIver,2015,7/25/2015,25-Jul,Counted live,Sockeye,Adult,2030
Situk Lower,Situk RIver,2015,7/26/2015,26-Jul,Counted live,Sockeye,Adult,1292
Situk Lower,Situk RIver,2015,7/27/2015,27-Jul,Counted live,Sockeye,Adult,2615
Situk Lower,Situk RIver,2015,7/28/2015,28-Jul,Counted live,Sockeye,Adult,1498
Situk Lower,Situk RIver,2015,7/29/2015,29-Jul,Counted live,Sockeye,Adult,1998
Situk Lower,Situk RIver,2015,7/30/2015,30-Jul,Counted live,Sockeye,Adult,2155
Situk Lower,Situk RIver,2015,7/31/2015,31-Jul,Counted live,Sockeye,Adult,3914
Situk Lower,Situk RIver,2015,8/1/2015,1-Aug,Counted live,Sockeye,Adult,2725
Situk Lower,Situk RIver,2015,8/2/2015,2-Aug,Counted live,Sockeye,Adult,1235
Situk Lower,Situk RIver,2015,8/3/2015,3-Aug,Counted live,Sockeye,Adult,1616
Situk Lower,Situk RIver,2015,8/4/2015,4-Aug,Counted live,Sockeye,Adult,661
Situk Lower,Situk RIver,2015,8/5/2015,5-Aug,Counted live,Sockeye,Adult,255
Situk Lower,Situk RIver,2015,8/6/2015,6-Aug,Counted live,Sockeye,Adult,503
Situk Lower,Situk RIver,2015,8/7/2015,7-Aug,Counted live,Sockeye,Adult,59
Situk Lower,Situk RIver,2016,5/31/2016,31-May,Counted live,Sockeye,Adult,1
Situk Lower,Situk RIver,2016,6/1/2016,1-Jun,Counted live,Sockeye,Adult,0
Situk Lower,Situk RIver,2016,6/2/2016,2-Jun,Counted live,Sockeye,Adult,0
Situk Lower,Situk RIver,2016,6/3/2016,3-Jun,Counted live,Sockeye,Adult,0
Situk Lower,Situk RIver,2016,6/4/2016,4-Jun,Counted live,Sockeye,Adult,0
Situk Lower,Situk RIver,2016,6/5/2016,5-Jun,Counted live,Sockeye,Adult,0
Situk Lower,Situk RIver,2016,6/6/2016,6-Jun,Counted live,Sockeye,Adult,35
Situk Lower,Situk RIver,2016,6/7/2016,7-Jun,Counted live,Sockeye,Adult,0
Situk Lower,Situk RIver,2016,6/8/2016,8-Jun,Counted live,Sockeye,Adult,0
Situk Lower,Situk RIver,2016,6/9/2016,9-Jun,Counted live,Sockeye,Adult,0
Situk Lower,Situk RIver,2016,6/10/2016,10-Jun,Counted live,Sockeye,Adult,0
Situk Lower,Situk RIver,2016,6/11/2016,11-Jun,Counted live,Sockeye,Adult,0
Situk Lower,Situk RIver,2016,6/12/2016,12-Jun,Counted live,Sockeye,Adult,0
Situk Lower,Situk RIver,2016,6/13/2016,13-Jun,Counted live,Sockeye,Adult,1
Situk Lower,Situk RIver,2016,6/14/2016,14-Jun,Counted live,Sockeye,Adult,3
Situk Lower,Situk RIver,2016,6/15/2016,15-Jun,Counted live,Sockeye,Adult,33
Situk Lower,Situk RIver,2016,6/16/2016,16-Jun,Counted live,Sockeye,Adult,857
Situk Lower,Situk RIver,2016,6/17/2016,17-Jun,Counted live,Sockeye,Adult,273
Situk Lower,Situk RIver,2016,6/18/2016,18-Jun,Counted live,Sockeye,Adult,103
Situk Lower,Situk RIver,2016,6/19/2016,19-Jun,Counted live,Sockeye,Adult,125
Situk Lower,Situk RIver,2016,6/20/2016,20-Jun,Counted live,Sockeye,Adult,3
Situk Lower,Situk RIver,2016,6/21/2016,21-Jun,Counted live,Sockeye,Adult,1139
Situk Lower,Situk RIver,2016,6/22/2016,22-Jun,Counted live,Sockeye,Adult,657
Situk Lower,Situk RIver,2016,6/23/2016,23-Jun,Counted live,Sockeye,Adult,846
Situk Lower,Situk RIver,2016,6/24/2016,24-Jun,Counted live,Sockeye,Adult,12
Situk Lower,Situk RIver,2016,6/25/2016,25-Jun,Counted live,Sockeye,Adult,1635
Situk Lower,Situk RIver,2016,6/26/2016,26-Jun,Counted live,Sockeye,Adult,707
Situk Lower,Situk RIver,2016,6/27/2016,27-Jun,Counted live,Sockeye,Adult,1187
Situk Lower,Situk RIver,2016,6/28/2016,28-Jun,Counted live,Sockeye,Adult,474
Situk Lower,Situk RIver,2016,6/29/2016,29-Jun,Counted live,Sockeye,Adult,400
Situk Lower,Situk RIver,2016,6/30/2016,30-Jun,Counted live,Sockeye,Adult,61
Situk Lower,Situk RIver,2016,7/1/2016,1-Jul,Counted live,Sockeye,Adult,2611
Situk Lower,Situk RIver,2016,7/2/2016,2-Jul,Counted live,Sockeye,Adult,2817
Situk Lower,Situk RIver,2016,7/3/2016,3-Jul,Counted live,Sockeye,Adult,2132
Situk Lower,Situk RIver,2016,7/4/2016,4-Jul,Counted live,Sockeye,Adult,1917
Situk Lower,Situk RIver,2016,7/5/2016,5-Jul,Counted live,Sockeye,Adult,2139
Situk Lower,Situk RIver,2016,7/6/2016,6-Jul,Counted live,Sockeye,Adult,1853
Situk Lower,Situk RIver,2016,7/7/2016,7-Jul,Counted live,Sockeye,Adult,3351
Situk Lower,Situk RIver,2016,7/8/2016,8-Jul,Counted live,Sockeye,Adult,1320
Situk Lower,Situk RIver,2016,7/9/2016,9-Jul,Counted live,Sockeye,Adult,1303
Situk Lower,Situk RIver,2016,7/10/2016,10-Jul,Counted live,Sockeye,Adult,1446
Situk Lower,Situk RIver,2016,7/11/2016,11-Jul,Counted live,Sockeye,Adult,1670
Situk Lower,Situk RIver,2016,7/12/2016,12-Jul,Counted live,Sockeye,Adult,1310
Situk Lower,Situk RIver,2016,7/13/2016,13-Jul,Counted live,Sockeye,Adult,234
Situk Lower,Situk RIver,2016,7/14/2016,14-Jul,Counted live,Sockeye,Adult,974
Situk Lower,Situk RIver,2016,7/15/2016,15-Jul,Counted live,Sockeye,Adult,47
Situk Lower,Situk RIver,2016,7/16/2016,16-Jul,Counted live,Sockeye,Adult,1386
Situk Lower,Situk RIver,2016,7/17/2016,17-Jul,Counted live,Sockeye,Adult,3977
Situk Lower,Situk RIver,2016,7/18/2016,18-Jul,Counted live,Sockeye,Adult,2219
Situk Lower,Situk RIver,2016,7/19/2016,19-Jul,Counted live,Sockeye,Adult,1474
Situk Lower,Situk RIver,2016,7/20/2016,20-Jul,Counted live,Sockeye,Adult,572
Situk Lower,Situk RIver,2016,7/21/2016,21-Jul,Counted live,Sockeye,Adult,134
Situk Lower,Situk RIver,2016,7/22/2016,22-Jul,Counted live,Sockeye,Adult,1060
Situk Lower,Situk RIver,2016,7/23/2016,23-Jul,Counted live,Sockeye,Adult,2733
Situk Lower,Situk RIver,2016,7/24/2016,24-Jul,Counted live,Sockeye,Adult,396
Situk Lower,Situk RIver,2016,7/25/2016,25-Jul,Counted live,Sockeye,Adult,461
Situk Lower,Situk RIver,2016,7/26/2016,26-Jul,Counted live,Sockeye,Adult,230
Situk Lower,Situk RIver,2016,7/27/2016,27-Jul,Counted live,Sockeye,Adult,504
Situk Lower,Situk RIver,2016,7/28/2016,28-Jul,Calculated value,Sockeye,Adult,347
Situk Lower,Situk RIver,2016,7/29/2016,29-Jul,Calculated value,Sockeye,Adult,328
Situk Lower,Situk RIver,2016,7/30/2016,30-Jul,Calculated value,Sockeye,Adult,308
Situk Lower,Situk RIver,2016,7/31/2016,31-Jul,Calculated value,Sockeye,Adult,288
Situk Lower,Situk RIver,2016,8/1/2016,1-Aug,Counted live,Sockeye,Adult,248
Situk Lower,Situk RIver,2016,8/2/2016,2-Aug,Counted live,Sockeye,Adult,239
Situk Lower,Situk RIver,2016,8/3/2016,3-Aug,Counted live,Sockeye,Adult,517
Situk Lower,Situk RIver,2016,8/4/2016,4-Aug,Counted live,Sockeye,Adult,464
Situk Lower,Situk RIver,2016,8/5/2016,5-Aug,Counted live,Sockeye,Adult,1195
Situk Lower,Situk RIver,2016,8/6/2016,6-Aug,Counted live,Sockeye,Adult,1708
Situk Lower,Situk RIver,2016,8/7/2016,7-Aug,Counted live,Sockeye,Adult,717
Situk Lower,Situk RIver,2016,8/8/2016,8-Aug,Counted live,Sockeye,Adult,433
Situk Lower,Situk RIver,2016,8/9/2016,9-Aug,Counted live,Sockeye,Adult,393
Situk Lower,Situk RIver,2016,8/10/2016,10-Aug,Counted live,Sockeye,Adult,459
Situk Lower,Situk RIver,2016,8/11/2016,11-Aug,Counted live,Sockeye,Adult,272
Situk Lower,Situk RIver,2017,5/31/2017,31-May,Counted live,Sockeye,Adult,391
Situk Lower,Situk RIver,2017,6/1/2017,1-Jun,Counted live,Sockeye,Adult,1719
Situk Lower,Situk RIver,2017,6/2/2017,2-Jun,Counted live,Sockeye,Adult,4312
Situk Lower,Situk RIver,2017,6/3/2017,3-Jun,Counted live,Sockeye,Adult,3435
Situk Lower,Situk RIver,2017,6/4/2017,4-Jun,Counted live,Sockeye,Adult,114
Situk Lower,Situk RIver,2017,6/5/2017,5-Jun,Counted live,Sockeye,Adult,1429
Situk Lower,Situk RIver,2017,6/6/2017,6-Jun,Counted live,Sockeye,Adult,3636
Situk Lower,Situk RIver,2017,6/7/2017,7-Jun,Counted live,Sockeye,Adult,86
Situk Lower,Situk RIver,2017,6/8/2017,8-Jun,Counted live,Sockeye,Adult,326
Situk Lower,Situk RIver,2017,6/9/2017,9-Jun,Counted live,Sockeye,Adult,122
Situk Lower,Situk RIver,2017,6/10/2017,10-Jun,Counted live,Sockeye,Adult,417
Situk Lower,Situk RIver,2017,6/11/2017,11-Jun,Counted live,Sockeye,Adult,123
Situk Lower,Situk RIver,2017,6/12/2017,12-Jun,Counted live,Sockeye,Adult,2011
Situk Lower,Situk RIver,2017,6/13/2017,13-Jun,Counted live,Sockeye,Adult,3000
Situk Lower,Situk RIver,2017,6/14/2017,14-Jun,Counted live,Sockeye,Adult,3573
Situk Lower,Situk RIver,2017,6/15/2017,15-Jun,Counted live,Sockeye,Adult,1390
Situk Lower,Situk RIver,2017,6/16/2017,16-Jun,Counted live,Sockeye,Adult,201
Situk Lower,Situk RIver,2017,6/17/2017,17-Jun,Counted live,Sockeye,Adult,2872
Situk Lower,Situk RIver,2017,6/18/2017,18-Jun,Counted live,Sockeye,Adult,4688
Situk Lower,Situk RIver,2017,6/19/2017,19-Jun,Counted live,Sockeye,Adult,61
Situk Lower,Situk RIver,2017,6/20/2017,20-Jun,Counted live,Sockeye,Adult,243
Situk Lower,Situk RIver,2017,6/21/2017,21-Jun,Counted live,Sockeye,Adult,90
Situk Lower,Situk RIver,2017,6/22/2017,22-Jun,Counted live,Sockeye,Adult,39
Situk Lower,Situk RIver,2017,6/23/2017,23-Jun,Counted live,Sockeye,Adult,214
Situk Lower,Situk RIver,2017,6/24/2017,24-Jun,Counted live,Sockeye,Adult,186
Situk Lower,Situk RIver,2017,6/25/2017,25-Jun,Counted live,Sockeye,Adult,790
Situk Lower,Situk RIver,2017,6/26/2017,26-Jun,Counted live,Sockeye,Adult,1151
Situk Lower,Situk RIver,2017,6/27/2017,27-Jun,Counted live,Sockeye,Adult,256
Situk Lower,Situk RIver,2017,6/28/2017,28-Jun,Counted live,Sockeye,Adult,774
Situk Lower,Situk RIver,2017,6/29/2017,29-Jun,Counted live,Sockeye,Adult,200
Situk Lower,Situk RIver,2017,6/30/2017,30-Jun,Counted live,Sockeye,Adult,344
Situk Lower,Situk RIver,2017,7/1/2017,1-Jul,Counted live,Sockeye,Adult,261
Situk Lower,Situk RIver,2017,7/2/2017,2-Jul,Counted live,Sockeye,Adult,3389
Situk Lower,Situk RIver,2017,7/3/2017,3-Jul,Counted live,Sockeye,Adult,1575
Situk Lower,Situk RIver,2017,7/4/2017,4-Jul,Counted live,Sockeye,Adult,64
Situk Lower,Situk RIver,2017,7/5/2017,5-Jul,Counted live,Sockeye,Adult,258
Situk Lower,Situk RIver,2017,7/6/2017,6-Jul,Counted live,Sockeye,Adult,211
Situk Lower,Situk RIver,2017,7/7/2017,7-Jul,Counted live,Sockeye,Adult,1356
Situk Lower,Situk RIver,2017,7/8/2017,8-Jul,Counted live,Sockeye,Adult,516
Situk Lower,Situk RIver,2017,7/9/2017,9-Jul,Counted live,Sockeye,Adult,1512
Situk Lower,Situk RIver,2017,7/10/2017,10-Jul,Counted live,Sockeye,Adult,4042
Situk Lower,Situk RIver,2017,7/11/2017,11-Jul,Counted live,Sockeye,Adult,913
Situk Lower,Situk RIver,2017,7/12/2017,12-Jul,Counted live,Sockeye,Adult,350
Situk Lower,Situk RIver,2017,7/13/2017,13-Jul,Counted live,Sockeye,Adult,1027
Situk Lower,Situk RIver,2017,7/14/2017,14-Jul,Counted live,Sockeye,Adult,1429
Situk Lower,Situk RIver,2017,7/15/2017,15-Jul,Counted live,Sockeye,Adult,784
Situk Lower,Situk RIver,2017,7/16/2017,16-Jul,Counted live,Sockeye,Adult,2546
Situk Lower,Situk RIver,2017,7/17/2017,17-Jul,Counted live,Sockeye,Adult,2207
Situk Lower,Situk RIver,2017,7/18/2017,18-Jul,Counted live,Sockeye,Adult,1277
Situk Lower,Situk RIver,2017,7/19/2017,19-Jul,Counted live,Sockeye,Adult,1829
Situk Lower,Situk RIver,2017,7/20/2017,20-Jul,Counted live,Sockeye,Adult,734
Situk Lower,Situk RIver,2017,7/21/2017,21-Jul,Counted live,Sockeye,Adult,1416
Situk Lower,Situk RIver,2017,7/22/2017,22-Jul,Counted live,Sockeye,Adult,299
Situk Lower,Situk RIver,2017,7/23/2017,23-Jul,Counted live,Sockeye,Adult,301
Situk Lower,Situk RIver,2017,7/24/2017,24-Jul,Counted live,Sockeye,Adult,176
Situk Lower,Situk RIver,2017,7/25/2017,25-Jul,Counted live,Sockeye,Adult,1464
Situk Lower,Situk RIver,2017,7/26/2017,26-Jul,Counted live,Sockeye,Adult,1069
Situk Lower,Situk RIver,2017,7/27/2017,27-Jul,Counted live,Sockeye,Adult,1444
Situk Lower,Situk RIver,2017,7/28/2017,28-Jul,Counted live,Sockeye,Adult,1626
Situk Lower,Situk RIver,2017,7/29/2017,29-Jul,Counted live,Sockeye,Adult,2043
Situk Lower,Situk RIver,2017,7/30/2017,30-Jul,Counted live,Sockeye,Adult,2542
Situk Lower,Situk RIver,2017,7/31/2017,31-Jul,Counted live,Sockeye,Adult,1503
Situk Lower,Situk RIver,2017,8/1/2017,1-Aug,Counted live,Sockeye,Adult,1834
Situk Lower,Situk RIver,2017,8/2/2017,2-Aug,Counted live,Sockeye,Adult,1727
Situk Lower,Situk RIver,2017,8/3/2017,3-Aug,Counted live,Sockeye,Adult,1516
Situk Lower,Situk RIver,2017,8/4/2017,4-Aug,Counted live,Sockeye,Adult,1679
Situk Lower,Situk RIver,2017,8/5/2017,5-Aug,Counted live,Sockeye,Adult,582
Situk Lower,Situk RIver,2017,8/6/2017,6-Aug,Counted live,Sockeye,Adult,1239
Situk Lower,Situk RIver,2017,8/7/2017,7-Aug,Counted live,Sockeye,Adult,2037
Situk Lower,Situk RIver,2017,8/8/2017,8-Aug,Counted live,Sockeye,Adult,310
Situk Lower,Situk RIver,2017,8/9/2017,9-Aug,Counted live,Sockeye,Adult,964
Situk Lower,Situk RIver,2017,8/10/2017,10-Aug,Counted live,Sockeye,Adult,848
Situk Lower,Situk RIver,2018,5/23/2018,23-May,Counted live,Sockeye,Adult,0
Situk Lower,Situk RIver,2018,5/24/2018,24-May,Counted live,Sockeye,Adult,0
Situk Lower,Situk RIver,2018,5/25/2018,25-May,Counted live,Sockeye,Adult,0
Situk Lower,Situk RIver,2018,5/26/2018,26-May,Counted live,Sockeye,Adult,0
Situk Lower,Situk RIver,2018,5/27/2018,27-May,Counted live,Sockeye,Adult,0
Situk Lower,Situk RIver,2018,5/28/2018,28-May,Counted live,Sockeye,Adult,0
Situk Lower,Situk RIver,2018,5/29/2018,29-May,Counted live,Sockeye,Adult,0
Situk Lower,Situk RIver,2018,5/30/2018,30-May,Counted live,Sockeye,Adult,1
Situk Lower,Situk RIver,2018,5/31/2018,31-May,Counted live,Sockeye,Adult,0
Situk Lower,Situk RIver,2018,6/1/2018,1-Jun,Counted live,Sockeye,Adult,0
Situk Lower,Situk RIver,2018,6/2/2018,2-Jun,Counted live,Sockeye,Adult,0
Situk Lower,Situk RIver,2018,6/3/2018,3-Jun,Counted live,Sockeye,Adult,2
Situk Lower,Situk RIver,2018,6/4/2018,4-Jun,Counted live,Sockeye,Adult,0
Situk Lower,Situk RIver,2018,6/5/2018,5-Jun,Counted live,Sockeye,Adult,0
Situk Lower,Situk RIver,2018,6/6/2018,6-Jun,Counted live,Sockeye,Adult,0
Situk Lower,Situk RIver,2018,6/7/2018,7-Jun,Counted live,Sockeye,Adult,0
Situk Lower,Situk RIver,2018,6/8/2018,8-Jun,Counted live,Sockeye,Adult,0
Situk Lower,Situk RIver,2018,6/9/2018,9-Jun,Counted live,Sockeye,Adult,2
Situk Lower,Situk RIver,2018,6/10/2018,10-Jun,Counted live,Sockeye,Adult,9
Situk Lower,Situk RIver,2018,6/11/2018,11-Jun,Counted live,Sockeye,Adult,1
Situk Lower,Situk RIver,2018,6/12/2018,12-Jun,Counted live,Sockeye,Adult,9
Situk Lower,Situk RIver,2018,6/13/2018,13-Jun,Counted live,Sockeye,Adult,3
Situk Lower,Situk RIver,2018,6/14/2018,14-Jun,Counted live,Sockeye,Adult,0
Situk Lower,Situk RIver,2018,6/15/2018,15-Jun,Counted live,Sockeye,Adult,6
Situk Lower,Situk RIver,2018,6/16/2018,16-Jun,Counted live,Sockeye,Adult,6
Situk Lower,Situk RIver,2018,6/17/2018,17-Jun,Counted live,Sockeye,Adult,12
Situk Lower,Situk RIver,2018,6/18/2018,18-Jun,Counted live,Sockeye,Adult,237
Situk Lower,Situk RIver,2018,6/19/2018,19-Jun,Counted live,Sockeye,Adult,138
Situk Lower,Situk RIver,2018,6/20/2018,20-Jun,Counted live,Sockeye,Adult,98
Situk Lower,Situk RIver,2018,6/21/2018,21-Jun,Counted live,Sockeye,Adult,35
Situk Lower,Situk RIver,2018,6/22/2018,22-Jun,Counted live,Sockeye,Adult,15
Situk Lower,Situk RIver,2018,6/23/2018,23-Jun,Counted live,Sockeye,Adult,0
Situk Lower,Situk RIver,2018,6/24/2018,24-Jun,Counted live,Sockeye,Adult,96
Situk Lower,Situk RIver,2018,6/25/2018,25-Jun,Counted live,Sockeye,Adult,724
Situk Lower,Situk RIver,2018,6/26/2018,26-Jun,Counted live,Sockeye,Adult,16
Situk Lower,Situk RIver,2018,6/27/2018,27-Jun,Counted live,Sockeye,Adult,268
Situk Lower,Situk RIver,2018,6/28/2018,28-Jun,Counted live,Sockeye,Adult,308
Situk Lower,Situk RIver,2018,6/29/2018,29-Jun,Counted live,Sockeye,Adult,81
Situk Lower,Situk RIver,2018,6/30/2018,30-Jun,Counted live,Sockeye,Adult,67
Situk Lower,Situk RIver,2018,7/1/2018,1-Jul,Counted live,Sockeye,Adult,177
Situk Lower,Situk RIver,2018,7/2/2018,2-Jul,Counted live,Sockeye,Adult,586
Situk Lower,Situk RIver,2018,7/3/2018,3-Jul,Counted live,Sockeye,Adult,682
Situk Lower,Situk RIver,2018,7/4/2018,4-Jul,Counted live,Sockeye,Adult,1272
Situk Lower,Situk RIver,2018,7/5/2018,5-Jul,Counted live,Sockeye,Adult,73
Situk Lower,Situk RIver,2018,7/6/2018,6-Jul,Counted live,Sockeye,Adult,99
Situk Lower,Situk RIver,2018,7/7/2018,7-Jul,Counted live,Sockeye,Adult,7
Situk Lower,Situk RIver,2018,7/8/2018,8-Jul,Counted live,Sockeye,Adult,1
Situk Lower,Situk RIver,2018,7/9/2018,9-Jul,Counted live,Sockeye,Adult,233
Situk Lower,Situk RIver,2018,7/10/2018,10-Jul,Counted live,Sockeye,Adult,4225
Situk Lower,Situk RIver,2018,7/11/2018,11-Jul,Calculated value,Sockeye,Adult,1384
Situk Lower,Situk RIver,2018,7/12/2018,12-Jul,Counted live,Sockeye,Adult,702
Situk Lower,Situk RIver,2018,7/13/2018,13-Jul,Counted live,Sockeye,Adult,373
Situk Lower,Situk RIver,2018,7/14/2018,14-Jul,Counted live,Sockeye,Adult,254
Situk Lower,Situk RIver,2018,7/15/2018,15-Jul,Counted live,Sockeye,Adult,2212
Situk Lower,Situk RIver,2018,7/16/2018,16-Jul,Counted live,Sockeye,Adult,1531
Situk Lower,Situk RIver,2018,7/17/2018,17-Jul,Counted live,Sockeye,Adult,197
Situk Lower,Situk RIver,2018,7/18/2018,18-Jul,Counted live,Sockeye,Adult,175
Situk Lower,Situk RIver,2018,7/19/2018,19-Jul,Counted live,Sockeye,Adult,477
Situk Lower,Situk RIver,2018,7/20/2018,20-Jul,Counted live,Sockeye,Adult,352
Situk Lower,Situk RIver,2018,7/21/2018,21-Jul,Counted live,Sockeye,Adult,2207
Situk Lower,Situk RIver,2018,7/22/2018,22-Jul,Counted live,Sockeye,Adult,68
Situk Lower,Situk RIver,2018,7/23/2018,23-Jul,Counted live,Sockeye,Adult,225
Situk Lower,Situk RIver,2018,7/24/2018,24-Jul,Counted live,Sockeye,Adult,309
Situk Lower,Situk RIver,2018,7/25/2018,25-Jul,Counted live,Sockeye,Adult,733
Situk Lower,Situk RIver,2018,7/26/2018,26-Jul,Counted live,Sockeye,Adult,644
Situk Lower,Situk RIver,2018,7/27/2018,27-Jul,Counted live,Sockeye,Adult,569
Situk Lower,Situk RIver,2018,7/28/2018,28-Jul,Counted live,Sockeye,Adult,1627
Situk Lower,Situk RIver,2018,7/29/2018,29-Jul,Counted live,Sockeye,Adult,490
Situk Lower,Situk RIver,2018,7/30/2018,30-Jul,Counted live,Sockeye,Adult,642
Situk Lower,Situk RIver,2018,7/31/2018,31-Jul,Counted live,Sockeye,Adult,623
Situk Lower,Situk RIver,2018,8/1/2018,1-Aug,Counted live,Sockeye,Adult,432
Situk Lower,Situk RIver,2018,8/2/2018,2-Aug,Counted live,Sockeye,Adult,48
Situk Lower,Situk RIver,2018,8/3/2018,3-Aug,Counted live,Sockeye,Adult,113
Situk Lower,Situk RIver,2018,8/4/2018,4-Aug,Counted live,Sockeye,Adult,125
Situk Lower,Situk RIver,2018,8/5/2018,5-Aug,Counted live,Sockeye,Adult,213
Situk Lower,Situk RIver,2018,8/6/2018,6-Aug,Counted live,Sockeye,Adult,436
Situk Lower,Situk RIver,2018,8/7/2018,7-Aug,Counted live,Sockeye,Adult,54
Situk Lower,Situk RIver,2019,6/1/2019,1-Jun,Counted live,Sockeye,Adult,1
Situk Lower,Situk RIver,2019,6/2/2019,2-Jun,Counted live,Sockeye,Adult,6
Situk Lower,Situk RIver,2019,6/3/2019,3-Jun,Counted live,Sockeye,Adult,0
Situk Lower,Situk RIver,2019,6/4/2019,4-Jun,Counted live,Sockeye,Adult,3
Situk Lower,Situk RIver,2019,6/5/2019,5-Jun,Counted live,Sockeye,Adult,1
Situk Lower,Situk RIver,2019,6/6/2019,6-Jun,Counted live,Sockeye,Adult,8
Situk Lower,Situk RIver,2019,6/7/2019,7-Jun,Counted live,Sockeye,Adult,1094
Situk Lower,Situk RIver,2019,6/8/2019,8-Jun,Counted live,Sockeye,Adult,2
Situk Lower,Situk RIver,2019,6/9/2019,9-Jun,Counted live,Sockeye,Adult,3
Situk Lower,Situk RIver,2019,6/10/2019,10-Jun,Counted live,Sockeye,Adult,637
Situk Lower,Situk RIver,2019,6/11/2019,11-Jun,Counted live,Sockeye,Adult,0
Situk Lower,Situk RIver,2019,6/12/2019,12-Jun,Counted live,Sockeye,Adult,518
Situk Lower,Situk RIver,2019,6/13/2019,13-Jun,Counted live,Sockeye,Adult,22
Situk Lower,Situk RIver,2019,6/14/2019,14-Jun,Counted live,Sockeye,Adult,7
Situk Lower,Situk RIver,2019,6/15/2019,15-Jun,Counted live,Sockeye,Adult,3
Situk Lower,Situk RIver,2019,6/16/2019,16-Jun,Counted live,Sockeye,Adult,54
Situk Lower,Situk RIver,2019,6/17/2019,17-Jun,Counted live,Sockeye,Adult,1019
Situk Lower,Situk RIver,2019,6/18/2019,18-Jun,Counted live,Sockeye,Adult,14
Situk Lower,Situk RIver,2019,6/19/2019,19-Jun,Counted live,Sockeye,Adult,677
Situk Lower,Situk RIver,2019,6/20/2019,20-Jun,Counted live,Sockeye,Adult,62
Situk Lower,Situk RIver,2019,6/21/2019,21-Jun,Counted live,Sockeye,Adult,16
Situk Lower,Situk RIver,2019,6/22/2019,22-Jun,Counted live,Sockeye,Adult,376
Situk Lower,Situk RIver,2019,6/23/2019,23-Jun,Counted live,Sockeye,Adult,1541
Situk Lower,Situk RIver,2019,6/24/2019,24-Jun,Counted live,Sockeye,Adult,408
Situk Lower,Situk RIver,2019,6/25/2019,25-Jun,Counted live,Sockeye,Adult,438
Situk Lower,Situk RIver,2019,6/26/2019,26-Jun,Counted live,Sockeye,Adult,1023
Situk Lower,Situk RIver,2019,6/27/2019,27-Jun,Counted live,Sockeye,Adult,459
Situk Lower,Situk RIver,2019,6/28/2019,28-Jun,Counted live,Sockeye,Adult,993
Situk Lower,Situk RIver,2019,6/29/2019,29-Jun,Counted live,Sockeye,Adult,464
Situk Lower,Situk RIver,2019,6/30/2019,30-Jun,Counted live,Sockeye,Adult,1551
Situk Lower,Situk RIver,2019,7/1/2019,1-Jul,Counted live,Sockeye,Adult,1188
Situk Lower,Situk RIver,2019,7/2/2019,2-Jul,Counted live,Sockeye,Adult,271
Situk Lower,Situk RIver,2019,7/3/2019,3-Jul,Counted live,Sockeye,Adult,1208
Situk Lower,Situk RIver,2019,7/4/2019,4-Jul,Counted live,Sockeye,Adult,2241
Situk Lower,Situk RIver,2019,7/5/2019,5-Jul,Counted live,Sockeye,Adult,1754
Situk Lower,Situk RIver,2019,7/6/2019,6-Jul,Counted live,Sockeye,Adult,1015
Situk Lower,Situk RIver,2019,7/7/2019,7-Jul,Counted live,Sockeye,Adult,2063
Situk Lower,Situk RIver,2019,7/8/2019,8-Jul,Counted live,Sockeye,Adult,1766
Situk Lower,Situk RIver,2019,7/9/2019,9-Jul,Counted live,Sockeye,Adult,430
Situk Lower,Situk RIver,2019,7/10/2019,10-Jul,Counted live,Sockeye,Adult,305
Situk Lower,Situk RIver,2019,7/11/2019,11-Jul,Counted live,Sockeye,Adult,1680
Situk Lower,Situk RIver,2019,7/12/2019,12-Jul,Counted live,Sockeye,Adult,865
Situk Lower,Situk RIver,2019,7/13/2019,13-Jul,Counted live,Sockeye,Adult,1121
Situk Lower,Situk RIver,2019,7/14/2019,14-Jul,Counted live,Sockeye,Adult,1429
Situk Lower,Situk RIver,2019,7/15/2019,15-Jul,Counted live,Sockeye,Adult,877
Situk Lower,Situk RIver,2019,7/16/2019,16-Jul,Counted live,Sockeye,Adult,4905
Situk Lower,Situk RIver,2019,7/17/2019,17-Jul,Counted live,Sockeye,Adult,1550
Situk Lower,Situk RIver,2019,7/18/2019,18-Jul,Counted live,Sockeye,Adult,2798
Situk Lower,Situk RIver,2019,7/19/2019,19-Jul,Counted live,Sockeye,Adult,2503
Situk Lower,Situk RIver,2019,7/20/2019,20-Jul,Counted live,Sockeye,Adult,21
Situk Lower,Situk RIver,2019,7/21/2019,21-Jul,Counted live,Sockeye,Adult,1360
Situk Lower,Situk RIver,2019,7/22/2019,22-Jul,Counted live,Sockeye,Adult,4979
Situk Lower,Situk RIver,2019,7/23/2019,23-Jul,Counted live,Sockeye,Adult,2472
Situk Lower,Situk RIver,2019,7/24/2019,24-Jul,Counted live,Sockeye,Adult,755
Situk Lower,Situk RIver,2019,7/25/2019,25-Jul,Counted live,Sockeye,Adult,987
Situk Lower,Situk RIver,2019,7/26/2019,26-Jul,Counted live,Sockeye,Adult,1588
Situk Lower,Situk RIver,2019,7/27/2019,27-Jul,Counted live,Sockeye,Adult,1090
Situk Lower,Situk RIver,2019,7/28/2019,28-Jul,Counted live,Sockeye,Adult,1549
Situk Lower,Situk RIver,2019,7/29/2019,29-Jul,Calculated value,Sockeye,Adult,1063
Situk Lower,Situk RIver,2019,7/30/2019,30-Jul,Calculated value,Sockeye,Adult,807
Situk Lower,Situk RIver,2019,7/31/2019,31-Jul,Counted live,Sockeye,Adult,226
Situk Lower,Situk RIver,2019,8/1/2019,1-Aug,Counted live,Sockeye,Adult,876
Situk Lower,Situk RIver,2019,8/2/2019,2-Aug,Counted live,Sockeye,Adult,1695
Situk Lower,Situk RIver,2019,8/3/2019,3-Aug,Counted live,Sockeye,Adult,321
Situk Lower,Situk RIver,2019,8/4/2019,4-Aug,Counted live,Sockeye,Adult,1372
Situk Lower,Situk RIver,2019,8/5/2019,5-Aug,Counted live,Sockeye,Adult,1461
Situk Lower,Situk RIver,2019,8/6/2019,6-Aug,Counted live,Sockeye,Adult,2356
Situk Lower,Situk RIver,2019,8/7/2019,7-Aug,Counted live,Sockeye,Adult,2901
Situk Lower,Situk RIver,2019,8/8/2019,8-Aug,Counted live,Sockeye,Adult,1500
Situk Lower,Situk RIver,2019,8/9/2019,9-Aug,Counted live,Sockeye,Adult,1206
Situk Lower,Situk RIver,2019,8/10/2019,10-Aug,Counted live,Sockeye,Adult,576
Situk Lower,Situk RIver,2020,6/1/2020,1-Jun,Counted live,Sockeye,Adult,0
Situk Lower,Situk RIver,2020,6/2/2020,2-Jun,Counted live,Sockeye,Adult,1
Situk Lower,Situk RIver,2020,6/3/2020,3-Jun,Counted live,Sockeye,Adult,0
Situk Lower,Situk RIver,2020,6/4/2020,4-Jun,Counted live,Sockeye,Adult,0
Situk Lower,Situk RIver,2020,6/5/2020,5-Jun,Counted live,Sockeye,Adult,0
Situk Lower,Situk RIver,2020,6/6/2020,6-Jun,Counted live,Sockeye,Adult,0
Situk Lower,Situk RIver,2020,6/7/2020,7-Jun,Counted live,Sockeye,Adult,0
Situk Lower,Situk RIver,2020,6/8/2020,8-Jun,Counted live,Sockeye,Adult,1
Situk Lower,Situk RIver,2020,6/9/2020,9-Jun,Counted live,Sockeye,Adult,0
Situk Lower,Situk RIver,2020,6/10/2020,10-Jun,Counted live,Sockeye,Adult,0
Situk Lower,Situk RIver,2020,6/11/2020,11-Jun,Counted live,Sockeye,Adult,0
Situk Lower,Situk RIver,2020,6/12/2020,12-Jun,Counted live,Sockeye,Adult,0
Situk Lower,Situk RIver,2020,6/13/2020,13-Jun,Counted live,Sockeye,Adult,0
Situk Lower,Situk RIver,2020,6/14/2020,14-Jun,Counted live,Sockeye,Adult,0
Situk Lower,Situk RIver,2020,6/15/2020,15-Jun,Counted live,Sockeye,Adult,0
Situk Lower,Situk RIver,2020,6/16/2020,16-Jun,Counted live,Sockeye,Adult,0
Situk Lower,Situk RIver,2020,6/17/2020,17-Jun,Counted live,Sockeye,Adult,2
Situk Lower,Situk RIver,2020,6/18/2020,18-Jun,Counted live,Sockeye,Adult,1
Situk Lower,Situk RIver,2020,6/19/2020,19-Jun,Counted live,Sockeye,Adult,345
Situk Lower,Situk RIver,2020,6/20/2020,20-Jun,Counted live,Sockeye,Adult,0
Situk Lower,Situk RIver,2020,6/21/2020,21-Jun,Counted live,Sockeye,Adult,0
Situk Lower,Situk RIver,2020,6/22/2020,22-Jun,Counted live,Sockeye,Adult,302
Situk Lower,Situk RIver,2020,6/23/2020,23-Jun,Counted live,Sockeye,Adult,3374
Situk Lower,Situk RIver,2020,6/24/2020,24-Jun,Counted live,Sockeye,Adult,647
Situk Lower,Situk RIver,2020,6/25/2020,25-Jun,Counted live,Sockeye,Adult,3290
Situk Lower,Situk RIver,2020,6/26/2020,26-Jun,Counted live,Sockeye,Adult,57
Situk Lower,Situk RIver,2020,6/27/2020,27-Jun,Counted live,Sockeye,Adult,372
Situk Lower,Situk RIver,2020,6/28/2020,28-Jun,Counted live,Sockeye,Adult,43
Situk Lower,Situk RIver,2020,6/29/2020,29-Jun,Counted live,Sockeye,Adult,2114
Situk Lower,Situk RIver,2020,6/30/2020,30-Jun,Counted live,Sockeye,Adult,903
Situk Lower,Situk RIver,2020,7/1/2020,1-Jul,Counted live,Sockeye,Adult,3657
Situk Lower,Situk RIver,2020,7/2/2020,2-Jul,Counted live,Sockeye,Adult,1954
Situk Lower,Situk RIver,2020,7/3/2020,3-Jul,Counted live,Sockeye,Adult,1687
Situk Lower,Situk RIver,2020,7/4/2020,4-Jul,Counted live,Sockeye,Adult,1560
Situk Lower,Situk RIver,2020,7/5/2020,5-Jul,Counted live,Sockeye,Adult,45
Situk Lower,Situk RIver,2020,7/6/2020,6-Jul,Counted live,Sockeye,Adult,1962
Situk Lower,Situk RIver,2020,7/7/2020,7-Jul,Counted live,Sockeye,Adult,1085
Situk Lower,Situk RIver,2020,7/8/2020,8-Jul,Counted live,Sockeye,Adult,3713
Situk Lower,Situk RIver,2020,7/9/2020,9-Jul,Counted live,Sockeye,Adult,1360
Situk Lower,Situk RIver,2020,7/10/2020,10-Jul,Counted live,Sockeye,Adult,1956
Situk Lower,Situk RIver,2020,7/11/2020,11-Jul,Counted live,Sockeye,Adult,2062
Situk Lower,Situk RIver,2020,7/12/2020,12-Jul,Counted live,Sockeye,Adult,2074
Situk Lower,Situk RIver,2020,7/13/2020,13-Jul,Counted live,Sockeye,Adult,500
Situk Lower,Situk RIver,2020,7/14/2020,14-Jul,Counted live,Sockeye,Adult,1733
Situk Lower,Situk RIver,2020,7/15/2020,15-Jul,Counted live,Sockeye,Adult,2026
Situk Lower,Situk RIver,2020,7/16/2020,16-Jul,Counted live,Sockeye,Adult,618
Situk Lower,Situk RIver,2020,7/17/2020,17-Jul,Counted live,Sockeye,Adult,244
Situk Lower,Situk RIver,2020,7/18/2020,18-Jul,Counted live,Sockeye,Adult,3557
Situk Lower,Situk RIver,2020,7/19/2020,19-Jul,Counted live,Sockeye,Adult,177
Situk Lower,Situk RIver,2020,7/20/2020,20-Jul,Counted live,Sockeye,Adult,1625
Situk Lower,Situk RIver,2020,7/21/2020,21-Jul,Calculated value,Sockeye,Adult,934
Situk Lower,Situk RIver,2020,7/22/2020,22-Jul,Calculated value,Sockeye,Adult,967
Situk Lower,Situk RIver,2020,7/23/2020,23-Jul,Counted live,Sockeye,Adult,571
Situk Lower,Situk RIver,2020,7/24/2020,24-Jul,Counted live,Sockeye,Adult,1430
Situk Lower,Situk RIver,2020,7/25/2020,25-Jul,Counted live,Sockeye,Adult,2882
Situk Lower,Situk RIver,2020,7/26/2020,26-Jul,Calculated value,Sockeye,Adult,1912
Situk Lower,Situk RIver,2020,7/27/2020,27-Jul,Calculated value,Sockeye,Adult,1702
Situk Lower,Situk RIver,2020,7/28/2020,28-Jul,Calculated value,Sockeye,Adult,1474
Situk Lower,Situk RIver,2020,7/29/2020,29-Jul,Calculated value,Sockeye,Adult,1247
Situk Lower,Situk RIver,2020,7/30/2020,30-Jul,Counted live,Sockeye,Adult,1162
Situk Lower,Situk RIver,2020,7/31/2020,31-Jul,Counted live,Sockeye,Adult,710
Situk Lower,Situk RIver,2020,8/1/2020,1-Aug,Counted live,Sockeye,Adult,1136
Situk Lower,Situk RIver,2020,8/2/2020,2-Aug,Calculated value,Sockeye,Adult,744
Situk Lower,Situk RIver,2020,8/3/2020,3-Aug,Calculated value,Sockeye,Adult,565
Situk Lower,Situk RIver,2020,8/4/2020,4-Aug,Calculated value,Sockeye,Adult,386
Situk Lower,Situk RIver,2020,8/5/2020,5-Aug,Counted live,Sockeye,Adult,193
Situk Lower,Situk RIver,2020,8/6/2020,6-Aug,Counted live,Sockeye,Adult,220
Situk Lower,Situk RIver,2020,8/7/2020,7-Aug,Counted live,Sockeye,Adult,61
Situk Lower,Situk RIver,2021,5/28/2021,28-May,Counted live,Sockeye,Adult,5
Situk Lower,Situk RIver,2021,5/29/2021,29-May,Counted live,Sockeye,Adult,0
Situk Lower,Situk RIver,2021,5/30/2021,30-May,Counted live,Sockeye,Adult,0
Situk Lower,Situk RIver,2021,5/31/2021,31-May,Counted live,Sockeye,Adult,0
Situk Lower,Situk RIver,2021,6/1/2021,1-Jun,Counted live,Sockeye,Adult,0
Situk Lower,Situk RIver,2021,6/2/2021,2-Jun,Counted live,Sockeye,Adult,0
Situk Lower,Situk RIver,2021,6/3/2021,3-Jun,Counted live,Sockeye,Adult,0
Situk Lower,Situk RIver,2021,6/4/2021,4-Jun,Counted live,Sockeye,Adult,0
Situk Lower,Situk RIver,2021,6/5/2021,5-Jun,Counted live,Sockeye,Adult,0
Situk Lower,Situk RIver,2021,6/6/2021,6-Jun,Counted live,Sockeye,Adult,2
Situk Lower,Situk RIver,2021,6/7/2021,7-Jun,Counted live,Sockeye,Adult,0
Situk Lower,Situk RIver,2021,6/8/2021,8-Jun,Counted live,Sockeye,Adult,0
Situk Lower,Situk RIver,2021,6/9/2021,9-Jun,Counted live,Sockeye,Adult,0
Situk Lower,Situk RIver,2021,6/10/2021,10-Jun,Counted live,Sockeye,Adult,0
Situk Lower,Situk RIver,2021,6/11/2021,11-Jun,Counted live,Sockeye,Adult,37
Situk Lower,Situk RIver,2021,6/12/2021,12-Jun,Counted live,Sockeye,Adult,16
Situk Lower,Situk RIver,2021,6/13/2021,13-Jun,Counted live,Sockeye,Adult,5
Situk Lower,Situk RIver,2021,6/14/2021,14-Jun,Counted live,Sockeye,Adult,925
Situk Lower,Situk RIver,2021,6/15/2021,15-Jun,Counted live,Sockeye,Adult,345
Situk Lower,Situk RIver,2021,6/16/2021,16-Jun,Counted live,Sockeye,Adult,2697
Situk Lower,Situk RIver,2021,6/17/2021,17-Jun,Counted live,Sockeye,Adult,586
Situk Lower,Situk RIver,2021,6/18/2021,18-Jun,Counted live,Sockeye,Adult,29
Situk Lower,Situk RIver,2021,6/19/2021,19-Jun,Counted live,Sockeye,Adult,724
Situk Lower,Situk RIver,2021,6/20/2021,20-Jun,Counted live,Sockeye,Adult,117
Situk Lower,Situk RIver,2021,6/21/2021,21-Jun,Counted live,Sockeye,Adult,4585
Situk Lower,Situk RIver,2021,6/22/2021,22-Jun,Counted live,Sockeye,Adult,91
Situk Lower,Situk RIver,2021,6/23/2021,23-Jun,Counted live,Sockeye,Adult,139
Situk Lower,Situk RIver,2021,6/24/2021,24-Jun,Counted live,Sockeye,Adult,3222
Situk Lower,Situk RIver,2021,6/25/2021,25-Jun,Counted live,Sockeye,Adult,1387
Situk Lower,Situk RIver,2021,6/26/2021,26-Jun,Counted live,Sockeye,Adult,847
Situk Lower,Situk RIver,2021,6/27/2021,27-Jun,Counted live,Sockeye,Adult,695
Situk Lower,Situk RIver,2021,6/28/2021,28-Jun,Counted live,Sockeye,Adult,725
Situk Lower,Situk RIver,2021,6/29/2021,29-Jun,Counted live,Sockeye,Adult,86
Situk Lower,Situk RIver,2021,6/30/2021,30-Jun,Counted live,Sockeye,Adult,1857
Situk Lower,Situk RIver,2021,7/1/2021,1-Jul,Counted live,Sockeye,Adult,3406
Situk Lower,Situk RIver,2021,7/2/2021,2-Jul,Counted live,Sockeye,Adult,1524
Situk Lower,Situk RIver,2021,7/3/2021,3-Jul,Counted live,Sockeye,Adult,2609
Situk Lower,Situk RIver,2021,7/4/2021,4-Jul,Counted live,Sockeye,Adult,2783
Situk Lower,Situk RIver,2021,7/5/2021,5-Jul,Counted live,Sockeye,Adult,4445
Situk Lower,Situk RIver,2021,7/6/2021,6-Jul,Counted live,Sockeye,Adult,3401
Situk Lower,Situk RIver,2021,7/7/2021,7-Jul,Counted live,Sockeye,Adult,1317
Situk Lower,Situk RIver,2021,7/8/2021,8-Jul,Counted live,Sockeye,Adult,4294
Situk Lower,Situk RIver,2021,7/9/2021,9-Jul,Counted live,Sockeye,Adult,7707
Situk Lower,Situk RIver,2021,7/10/2021,10-Jul,Counted live,Sockeye,Adult,1487
Situk Lower,Situk RIver,2021,7/11/2021,11-Jul,Counted live,Sockeye,Adult,3211
Situk Lower,Situk RIver,2021,7/12/2021,12-Jul,Counted live,Sockeye,Adult,2519
Situk Lower,Situk RIver,2021,7/13/2021,13-Jul,Counted live,Sockeye,Adult,1125
Situk Lower,Situk RIver,2021,7/14/2021,14-Jul,Counted live,Sockeye,Adult,750
Situk Lower,Situk RIver,2021,7/15/2021,15-Jul,Counted live,Sockeye,Adult,861
Situk Lower,Situk RIver,2021,7/16/2021,16-Jul,Counted live,Sockeye,Adult,5522
Situk Lower,Situk RIver,2021,7/17/2021,17-Jul,Counted live,Sockeye,Adult,3153
Situk Lower,Situk RIver,2021,7/18/2021,18-Jul,Counted live,Sockeye,Adult,2332
Situk Lower,Situk RIver,2021,7/19/2021,19-Jul,Counted live,Sockeye,Adult,5211
Situk Lower,Situk RIver,2021,7/20/2021,20-Jul,Counted live,Sockeye,Adult,4033
Situk Lower,Situk RIver,2021,7/21/2021,21-Jul,Counted live,Sockeye,Adult,1406
Situk Lower,Situk RIver,2021,7/22/2021,22-Jul,Counted live,Sockeye,Adult,2530
Situk Lower,Situk RIver,2021,7/23/2021,23-Jul,Counted live,Sockeye,Adult,2589
Situk Lower,Situk RIver,2021,7/24/2021,24-Jul,Counted live,Sockeye,Adult,1539
Situk Lower,Situk RIver,2021,7/25/2021,25-Jul,Counted live,Sockeye,Adult,2444
Situk Lower,Situk RIver,2021,7/26/2021,26-Jul,Counted live,Sockeye,Adult,1058
Situk Lower,Situk RIver,2021,7/27/2021,27-Jul,Counted live,Sockeye,Adult,2582
Situk Lower,Situk RIver,2021,7/28/2021,28-Jul,Counted live,Sockeye,Adult,2040
Situk Lower,Situk RIver,2021,7/29/2021,29-Jul,Counted live,Sockeye,Adult,873
Situk Lower,Situk RIver,2021,7/30/2021,30-Jul,Counted live,Sockeye,Adult,3361
Situk Lower,Situk RIver,2021,7/31/2021,31-Jul,Counted live,Sockeye,Adult,789
Situk Lower,Situk RIver,2021,8/1/2021,1-Aug,Counted live,Sockeye,Adult,2822
Situk Lower,Situk RIver,2021,8/2/2021,2-Aug,Counted live,Sockeye,Adult,1568
Situk Lower,Situk RIver,2021,8/3/2021,3-Aug,Counted live,Sockeye,Adult,1122
Situk Lower,Situk RIver,2021,8/4/2021,4-Aug,Counted live,Sockeye,Adult,1681
Situk Lower,Situk RIver,2021,8/5/2021,5-Aug,Counted live,Sockeye,Adult,1250
Situk Lower,Situk RIver,2021,8/6/2021,6-Aug,Counted live,Sockeye,Adult,2180
Situk Lower,Situk RIver,2021,8/7/2021,7-Aug,Counted live,Sockeye,Adult,2470
Situk Lower,Situk RIver,2021,8/8/2021,8-Aug,Counted live,Sockeye,Adult,1603
Situk Lower,Situk RIver,2021,8/9/2021,9-Aug,Counted live,Sockeye,Adult,2353
Situk Lower,Situk RIver,2022,6/13/2022,13-Jun,Counted live,Sockeye,Adult,0
Situk Lower,Situk RIver,2022,6/14/2022,14-Jun,Counted live,Sockeye,Adult,3
Situk Lower,Situk RIver,2022,6/15/2022,15-Jun,Counted live,Sockeye,Adult,7
Situk Lower,Situk RIver,2022,6/16/2022,16-Jun,Counted live,Sockeye,Adult,36
Situk Lower,Situk RIver,2022,6/17/2022,17-Jun,Counted live,Sockeye,Adult,0
Situk Lower,Situk RIver,2022,6/18/2022,18-Jun,Counted live,Sockeye,Adult,0
Situk Lower,Situk RIver,2022,6/19/2022,19-Jun,Counted live,Sockeye,Adult,164
Situk Lower,Situk RIver,2022,6/20/2022,20-Jun,Counted live,Sockeye,Adult,1582
Situk Lower,Situk RIver,2022,6/21/2022,21-Jun,Counted live,Sockeye,Adult,2045
Situk Lower,Situk RIver,2022,6/22/2022,22-Jun,Counted live,Sockeye,Adult,2229
Situk Lower,Situk RIver,2022,6/23/2022,23-Jun,Counted live,Sockeye,Adult,4805
Situk Lower,Situk RIver,2022,6/24/2022,24-Jun,Counted live,Sockeye,Adult,1623
Situk Lower,Situk RIver,2022,6/25/2022,25-Jun,Counted live,Sockeye,Adult,2455
Situk Lower,Situk RIver,2022,6/26/2022,26-Jun,Counted live,Sockeye,Adult,4426
Situk Lower,Situk RIver,2022,6/27/2022,27-Jun,Counted live,Sockeye,Adult,4556
Situk Lower,Situk RIver,2022,6/28/2022,28-Jun,Counted live,Sockeye,Adult,2618
Situk Lower,Situk RIver,2022,6/29/2022,29-Jun,Counted live,Sockeye,Adult,325
Situk Lower,Situk RIver,2022,6/30/2022,30-Jun,Counted live,Sockeye,Adult,220
Situk Lower,Situk RIver,2022,7/1/2022,1-Jul,Counted live,Sockeye,Adult,1690
Situk Lower,Situk RIver,2022,7/2/2022,2-Jul,Counted live,Sockeye,Adult,2081
Situk Lower,Situk RIver,2022,7/3/2022,3-Jul,Counted live,Sockeye,Adult,4426
Situk Lower,Situk RIver,2022,7/4/2022,4-Jul,Counted live,Sockeye,Adult,2178
Situk Lower,Situk RIver,2022,7/5/2022,5-Jul,Counted live,Sockeye,Adult,2748
Situk Lower,Situk RIver,2022,7/6/2022,6-Jul,Counted live,Sockeye,Adult,1968
Situk Lower,Situk RIver,2022,7/7/2022,7-Jul,Counted live,Sockeye,Adult,2606
Situk Lower,Situk RIver,2022,7/8/2022,8-Jul,Counted live,Sockeye,Adult,994
Situk Lower,Situk RIver,2022,7/9/2022,9-Jul,Counted live,Sockeye,Adult,1225
Situk Lower,Situk RIver,2022,7/10/2022,10-Jul,Counted live,Sockeye,Adult,2623
Situk Lower,Situk RIver,2022,7/11/2022,11-Jul,Counted live,Sockeye,Adult,1187
Situk Lower,Situk RIver,2022,7/12/2022,12-Jul,Counted live,Sockeye,Adult,978
Situk Lower,Situk RIver,2022,7/13/2022,13-Jul,Counted live,Sockeye,Adult,764
Situk Lower,Situk RIver,2022,7/14/2022,14-Jul,Counted live,Sockeye,Adult,172
Situk Lower,Situk RIver,2022,7/15/2022,15-Jul,Counted live,Sockeye,Adult,1255
Situk Lower,Situk RIver,2022,7/16/2022,16-Jul,Counted live,Sockeye,Adult,4350
Situk Lower,Situk RIver,2022,7/17/2022,17-Jul,Counted live,Sockeye,Adult,7991
Situk Lower,Situk RIver,2022,7/18/2022,18-Jul,Calculated value,Sockeye,Adult,3802
Situk Lower,Situk RIver,2022,7/19/2022,19-Jul,Counted live,Sockeye,Adult,1006
Situk Lower,Situk RIver,2022,7/20/2022,20-Jul,Counted live,Sockeye,Adult,1860
Situk Lower,Situk RIver,2022,7/21/2022,21-Jul,Counted live,Sockeye,Adult,356
Situk Lower,Situk RIver,2022,7/22/2022,22-Jul,Counted live,Sockeye,Adult,1922
Situk Lower,Situk RIver,2022,7/23/2022,23-Jul,Counted live,Sockeye,Adult,2126
Situk Lower,Situk RIver,2022,7/24/2022,24-Jul,Counted live,Sockeye,Adult,1364
Situk Lower,Situk RIver,2022,7/25/2022,25-Jul,Counted live,Sockeye,Adult,367
Situk Lower,Situk RIver,2022,7/26/2022,26-Jul,Calculated value,Sockeye,Adult,837
Situk Lower,Situk RIver,2022,7/27/2022,27-Jul,Calculated value,Sockeye,Adult,808
Situk Lower,Situk RIver,2022,7/28/2022,28-Jul,Calculated value,Sockeye,Adult,779
Situk Lower,Situk RIver,2022,7/29/2022,29-Jul,Counted live,Sockeye,Adult,529
Situk Lower,Situk RIver,2022,7/30/2022,30-Jul,Counted live,Sockeye,Adult,981
Situk Lower,Situk RIver,2022,7/31/2022,31-Jul,Counted live,Sockeye,Adult,3181
Situk Lower,Situk RIver,2022,8/1/2022,1-Aug,Counted live,Sockeye,Adult,851
Situk Lower,Situk RIver,2022,8/2/2022,2-Aug,Counted live,Sockeye,Adult,1762
Situk Lower,Situk RIver,2022,8/3/2022,3-Aug,Counted live,Sockeye,Adult,733
Situk Lower,Situk RIver,2022,8/4/2022,4-Aug,Counted live,Sockeye,Adult,605
Situk Lower,Situk RIver,2022,8/5/2022,5-Aug,Counted live,Sockeye,Adult,170
Situk Lower,Situk RIver,2023,6/3/2023,3-Jun,Counted live,Sockeye,Adult,372
Situk Lower,Situk RIver,2023,6/4/2023,4-Jun,Counted live,Sockeye,Adult,178
Situk Lower,Situk RIver,2023,6/5/2023,5-Jun,Counted live,Sockeye,Adult,26
Situk Lower,Situk RIver,2023,6/6/2023,6-Jun,Counted live,Sockeye,Adult,386
Situk Lower,Situk RIver,2023,6/7/2023,7-Jun,Counted live,Sockeye,Adult,392
Situk Lower,Situk RIver,2023,6/8/2023,8-Jun,Counted live,Sockeye,Adult,52
Situk Lower,Situk RIver,2023,6/9/2023,9-Jun,Counted live,Sockeye,Adult,756
Situk Lower,Situk RIver,2023,6/10/2023,10-Jun,Counted live,Sockeye,Adult,30
Situk Lower,Situk RIver,2023,6/11/2023,11-Jun,Counted live,Sockeye,Adult,14
Situk Lower,Situk RIver,2023,6/12/2023,12-Jun,Counted live,Sockeye,Adult,893
Situk Lower,Situk RIver,2023,6/13/2023,13-Jun,Counted live,Sockeye,Adult,0
Situk Lower,Situk RIver,2023,6/14/2023,14-Jun,Counted live,Sockeye,Adult,2
Situk Lower,Situk RIver,2023,6/15/2023,15-Jun,Counted live,Sockeye,Adult,1
Situk Lower,Situk RIver,2023,6/16/2023,16-Jun,Counted live,Sockeye,Adult,896
Situk Lower,Situk RIver,2023,6/17/2023,17-Jun,Counted live,Sockeye,Adult,164
Situk Lower,Situk RIver,2023,6/18/2023,18-Jun,Counted live,Sockeye,Adult,457
Situk Lower,Situk RIver,2023,6/19/2023,19-Jun,Counted live,Sockeye,Adult,386
Situk Lower,Situk RIver,2023,6/20/2023,20-Jun,Counted live,Sockeye,Adult,297
Situk Lower,Situk RIver,2023,6/21/2023,21-Jun,Counted live,Sockeye,Adult,1169
Situk Lower,Situk RIver,2023,6/22/2023,22-Jun,Counted live,Sockeye,Adult,436
Situk Lower,Situk RIver,2023,6/23/2023,23-Jun,Counted live,Sockeye,Adult,3079
Situk Lower,Situk RIver,2023,6/24/2023,24-Jun,Counted live,Sockeye,Adult,762
Situk Lower,Situk RIver,2023,6/25/2023,25-Jun,Counted live,Sockeye,Adult,2842
Situk Lower,Situk RIver,2023,6/26/2023,26-Jun,Counted live,Sockeye,Adult,1703
Situk Lower,Situk RIver,2023,6/27/2023,27-Jun,Counted live,Sockeye,Adult,3197
Situk Lower,Situk RIver,2023,6/28/2023,28-Jun,Counted live,Sockeye,Adult,5294
Situk Lower,Situk RIver,2023,6/29/2023,29-Jun,Counted live,Sockeye,Adult,1205
Situk Lower,Situk RIver,2023,6/30/2023,30-Jun,Counted live,Sockeye,Adult,2587
Situk Lower,Situk RIver,2023,7/1/2023,1-Jul,Counted live,Sockeye,Adult,3389
Situk Lower,Situk RIver,2023,7/2/2023,2-Jul,Counted live,Sockeye,Adult,2351
Situk Lower,Situk RIver,2023,7/3/2023,3-Jul,Counted live,Sockeye,Adult,134
Situk Lower,Situk RIver,2023,7/4/2023,4-Jul,Counted live,Sockeye,Adult,885
Situk Lower,Situk RIver,2023,7/5/2023,5-Jul,Counted live,Sockeye,Adult,4031
Situk Lower,Situk RIver,2023,7/6/2023,6-Jul,Counted live,Sockeye,Adult,3161
Situk Lower,Situk RIver,2023,7/7/2023,7-Jul,Counted live,Sockeye,Adult,3078
Situk Lower,Situk RIver,2023,7/8/2023,8-Jul,Counted live,Sockeye,Adult,31
Situk Lower,Situk RIver,2023,7/9/2023,9-Jul,Counted live,Sockeye,Adult,2430
Situk Lower,Situk RIver,2023,7/10/2023,10-Jul,Counted live,Sockeye,Adult,2343
Situk Lower,Situk RIver,2023,7/11/2023,11-Jul,Counted live,Sockeye,Adult,2706
Situk Lower,Situk RIver,2023,7/12/2023,12-Jul,Counted live,Sockeye,Adult,7387
Situk Lower,Situk RIver,2023,7/13/2023,13-Jul,Counted live,Sockeye,Adult,4078
Situk Lower,Situk RIver,2023,7/14/2023,14-Jul,Counted live,Sockeye,Adult,5026
Situk Lower,Situk RIver,2023,7/15/2023,15-Jul,Counted live,Sockeye,Adult,3423
Situk Lower,Situk RIver,2023,7/16/2023,16-Jul,Counted live,Sockeye,Adult,6994
Situk Lower,Situk RIver,2023,7/17/2023,17-Jul,Counted live,Sockeye,Adult,3272
Situk Lower,Situk RIver,2023,7/18/2023,18-Jul,Counted live,Sockeye,Adult,2208
Situk Lower,Situk RIver,2023,7/19/2023,19-Jul,Counted live,Sockeye,Adult,2830
Situk Lower,Situk RIver,2023,7/20/2023,20-Jul,Counted live,Sockeye,Adult,499
Situk Lower,Situk RIver,2023,7/21/2023,21-Jul,Counted live,Sockeye,Adult,3843
Situk Lower,Situk RIver,2023,7/22/2023,22-Jul,Counted live,Sockeye,Adult,5105
Situk Lower,Situk RIver,2023,7/23/2023,23-Jul,Counted live,Sockeye,Adult,4478
Situk Lower,Situk RIver,2023,7/24/2023,24-Jul,Counted live,Sockeye,Adult,685
Situk Lower,Situk RIver,2023,7/25/2023,25-Jul,Counted live,Sockeye,Adult,944
Situk Lower,Situk RIver,2023,7/26/2023,26-Jul,Counted live,Sockeye,Adult,2160
Situk Lower,Situk RIver,2023,7/27/2023,27-Jul,Counted live,Sockeye,Adult,2783
Situk Lower,Situk RIver,2023,7/28/2023,28-Jul,Counted live,Sockeye,Adult,3145
Situk Lower,Situk RIver,2023,7/29/2023,29-Jul,Counted live,Sockeye,Adult,4072
Situk Lower,Situk RIver,2023,7/30/2023,30-Jul,Counted live,Sockeye,Adult,6065
Situk Lower,Situk RIver,2023,7/31/2023,31-Jul,Counted live,Sockeye,Adult,4961
Situk Lower,Situk RIver,2023,8/1/2023,1-Aug,Counted live,Sockeye,Adult,1392
Situk Lower,Situk RIver,2023,8/2/2023,2-Aug,Counted live,Sockeye,Adult,408
Situk Lower,Situk RIver,2024,5/29/2024,29-May,Counted live,Sockeye,Adult,28
Situk Lower,Situk RIver,2024,5/30/2024,30-May,Counted live,Sockeye,Adult,5
Situk Lower,Situk RIver,2024,5/31/2024,31-May,Counted live,Sockeye,Adult,34
Situk Lower,Situk RIver,2024,6/1/2024,1-Jun,Counted live,Sockeye,Adult,3
Situk Lower,Situk RIver,2024,6/2/2024,2-Jun,Counted live,Sockeye,Adult,16
Situk Lower,Situk RIver,2024,6/3/2024,3-Jun,Counted live,Sockeye,Adult,0
Situk Lower,Situk RIver,2024,6/4/2024,4-Jun,Counted live,Sockeye,Adult,0
Situk Lower,Situk RIver,2024,6/5/2024,5-Jun,Counted live,Sockeye,Adult,0
Situk Lower,Situk RIver,2024,6/6/2024,6-Jun,Counted live,Sockeye,Adult,106
Situk Lower,Situk RIver,2024,6/7/2024,7-Jun,Counted live,Sockeye,Adult,1
Situk Lower,Situk RIver,2024,6/8/2024,8-Jun,Counted live,Sockeye,Adult,32
Situk Lower,Situk RIver,2024,6/9/2024,9-Jun,Counted live,Sockeye,Adult,6
Situk Lower,Situk RIver,2024,6/10/2024,10-Jun,Counted live,Sockeye,Adult,1
Situk Lower,Situk RIver,2024,6/11/2024,11-Jun,Counted live,Sockeye,Adult,0
Situk Lower,Situk RIver,2024,6/12/2024,12-Jun,Counted live,Sockeye,Adult,48
Situk Lower,Situk RIver,2024,6/13/2024,13-Jun,Counted live,Sockeye,Adult,5
Situk Lower,Situk RIver,2024,6/14/2024,14-Jun,Counted live,Sockeye,Adult,291
Situk Lower,Situk RIver,2024,6/15/2024,15-Jun,Counted live,Sockeye,Adult,1791
Situk Lower,Situk RIver,2024,6/16/2024,16-Jun,Counted live,Sockeye,Adult,425
Situk Lower,Situk RIver,2024,6/17/2024,17-Jun,Counted live,Sockeye,Adult,0
Situk Lower,Situk RIver,2024,6/18/2024,18-Jun,Counted live,Sockeye,Adult,1627
Situk Lower,Situk RIver,2024,6/19/2024,19-Jun,Counted live,Sockeye,Adult,1527
Situk Lower,Situk RIver,2024,6/20/2024,20-Jun,Counted live,Sockeye,Adult,936
Situk Lower,Situk RIver,2024,6/21/2024,21-Jun,Counted live,Sockeye,Adult,0
Situk Lower,Situk RIver,2024,6/22/2024,22-Jun,Counted live,Sockeye,Adult,1415
Situk Lower,Situk RIver,2024,6/23/2024,23-Jun,Counted live,Sockeye,Adult,1615
Situk Lower,Situk RIver,2024,6/24/2024,24-Jun,Counted live,Sockeye,Adult,3191
Situk Lower,Situk RIver,2024,6/25/2024,25-Jun,Counted live,Sockeye,Adult,229
Situk Lower,Situk RIver,2024,6/26/2024,26-Jun,Counted live,Sockeye,Adult,946
Situk Lower,Situk RIver,2024,6/27/2024,27-Jun,Counted live,Sockeye,Adult,1681
Situk Lower,Situk RIver,2024,6/28/2024,28-Jun,Counted live,Sockeye,Adult,3447
Situk Lower,Situk RIver,2024,6/29/2024,29-Jun,Counted live,Sockeye,Adult,2380
Situk Lower,Situk RIver,2024,6/30/2024,30-Jun,Counted live,Sockeye,Adult,1035
Situk Lower,Situk RIver,2024,7/1/2024,1-Jul,Counted live,Sockeye,Adult,1904
Situk Lower,Situk RIver,2024,7/2/2024,2-Jul,Counted live,Sockeye,Adult,1134
Situk Lower,Situk RIver,2024,7/3/2024,3-Jul,Counted live,Sockeye,Adult,29
Situk Lower,Situk RIver,2024,7/4/2024,4-Jul,Counted live,Sockeye,Adult,1
Situk Lower,Situk RIver,2024,7/5/2024,5-Jul,Counted live,Sockeye,Adult,92
Situk Lower,Situk RIver,2024,7/6/2024,6-Jul,Counted live,Sockeye,Adult,4933
Situk Lower,Situk RIver,2024,7/7/2024,7-Jul,Counted live,Sockeye,Adult,3006
Situk Lower,Situk RIver,2024,7/8/2024,8-Jul,Counted live,Sockeye,Adult,18
Situk Lower,Situk RIver,2024,7/9/2024,9-Jul,Counted live,Sockeye,Adult,21
Situk Lower,Situk RIver,2024,7/10/2024,10-Jul,Counted live,Sockeye,Adult,1178
Situk Lower,Situk RIver,2024,7/11/2024,11-Jul,Counted live,Sockeye,Adult,28
Situk Lower,Situk RIver,2024,7/12/2024,12-Jul,Counted live,Sockeye,Adult,2205
Situk Lower,Situk RIver,2024,7/13/2024,13-Jul,Counted live,Sockeye,Adult,3165
Situk Lower,Situk RIver,2024,7/14/2024,14-Jul,Calculated value,Sockeye,Adult,2234
Situk Lower,Situk RIver,2024,7/15/2024,15-Jul,Calculated value,Sockeye,Adult,1783
Situk Lower,Situk RIver,2024,7/16/2024,16-Jul,Calculated value,Sockeye,Adult,1333
Situk Lower,Situk RIver,2024,7/17/2024,17-Jul,Calculated value,Sockeye,Adult,882
Situk Lower,Situk RIver,2024,7/18/2024,18-Jul,Counted live,Sockeye,Adult,455
Situk Lower,Situk RIver,2024,7/19/2024,19-Jul,Counted live,Sockeye,Adult,407
Situk Lower,Situk RIver,2024,7/20/2024,20-Jul,Counted live,Sockeye,Adult,6318
Situk Lower,Situk RIver,2024,7/21/2024,21-Jul,Counted live,Sockeye,Adult,2248
Situk Lower,Situk RIver,2024,7/22/2024,22-Jul,Counted live,Sockeye,Adult,795
Situk Lower,Situk RIver,2024,7/23/2024,23-Jul,Counted live,Sockeye,Adult,895
Situk Lower,Situk RIver,2024,7/24/2024,24-Jul,Counted live,Sockeye,Adult,1150
Situk Lower,Situk RIver,2024,7/25/2024,25-Jul,Counted live,Sockeye,Adult,142
Situk Lower,Situk RIver,2024,7/26/2024,26-Jul,Counted live,Sockeye,Adult,111
Situk Lower,Situk RIver,2024,7/27/2024,27-Jul,Counted live,Sockeye,Adult,3722
Situk Lower,Situk RIver,2024,7/28/2024,28-Jul,Counted live,Sockeye,Adult,1040
Situk Lower,Situk RIver,2024,7/29/2024,29-Jul,Counted live,Sockeye,Adult,1059
Situk Lower,Situk RIver,2024,7/30/2024,30-Jul,Counted live,Sockeye,Adult,1638
Situk Lower,Situk RIver,2024,7/31/2024,31-Jul,Counted live,Sockeye,Adult,1593
Situk Lower,Situk RIver,2024,8/1/2024,1-Aug,Counted live,Sockeye,Adult,362
Situk Lower,Situk RIver,2024,8/2/2024,2-Aug,Counted live,Sockeye,Adult,172
Situk Lower,Situk RIver,2024,8/3/2024,3-Aug,Counted live,Sockeye,Adult,645
Situk Lower,Situk RIver,2024,8/4/2024,4-Aug,Counted live,Sockeye,Adult,304
Situk Lower,Situk RIver,2024,8/5/2024,5-Aug,Counted live,Sockeye,Adult,2129
Situk Lower,Situk RIver,2024,8/6/2024,6-Aug,Counted live,Sockeye,Adult,601
Situk Lower,Situk RIver,2024,8/7/2024,7-Aug,Counted live,Sockeye,Adult,1901
Situk Lower,Situk RIver,2024,8/8/2024,8-Aug,Counted live,Sockeye,Adult,449
Situk Lower,Situk RIver,2024,8/9/2024,9-Aug,Counted live,Sockeye,Adult,351
Situk Lower,Situk RIver,2024,8/10/2024,10-Aug,Counted live,Sockeye,Adult,42
Situk Lower,Situk RIver,2024,8/11/2024,11-Aug,Counted live,Sockeye,Adult,480
Situk Nine Mile,Situk RIver,1971,6/10/1971,10-Jun,Counted live,Sockeye,Adult,0
Situk Nine Mile,Situk RIver,1971,6/11/1971,11-Jun,Counted live,Sockeye,Adult,0
Situk Nine Mile,Situk RIver,1971,6/12/1971,12-Jun,Counted live,Sockeye,Adult,0
Situk Nine Mile,Situk RIver,1971,6/13/1971,13-Jun,Counted live,Sockeye,Adult,0
Situk Nine Mile,Situk RIver,1971,6/14/1971,14-Jun,Counted live,Sockeye,Adult,0
Situk Nine Mile,Situk RIver,1971,6/15/1971,15-Jun,Counted live,Sockeye,Adult,0
Situk Nine Mile,Situk RIver,1971,6/16/1971,16-Jun,Counted live,Sockeye,Adult,0
Situk Nine Mile,Situk RIver,1971,6/17/1971,17-Jun,Counted live,Sockeye,Adult,0
Situk Nine Mile,Situk RIver,1971,6/18/1971,18-Jun,Counted live,Sockeye,Adult,0
Situk Nine Mile,Situk RIver,1971,6/19/1971,19-Jun,Counted live,Sockeye,Adult,0
Situk Nine Mile,Situk RIver,1971,6/20/1971,20-Jun,Counted live,Sockeye,Adult,0
Situk Nine Mile,Situk RIver,1971,6/21/1971,21-Jun,Counted live,Sockeye,Adult,0
Situk Nine Mile,Situk RIver,1971,6/22/1971,22-Jun,Counted live,Sockeye,Adult,179
Situk Nine Mile,Situk RIver,1971,6/23/1971,23-Jun,Counted live,Sockeye,Adult,763
Situk Nine Mile,Situk RIver,1971,6/24/1971,24-Jun,Counted live,Sockeye,Adult,0
Situk Nine Mile,Situk RIver,1971,6/25/1971,25-Jun,Counted live,Sockeye,Adult,1817
Situk Nine Mile,Situk RIver,1971,6/26/1971,26-Jun,Counted live,Sockeye,Adult,67
Situk Nine Mile,Situk RIver,1971,6/27/1971,27-Jun,Counted live,Sockeye,Adult,1205
Situk Nine Mile,Situk RIver,1971,6/28/1971,28-Jun,Counted live,Sockeye,Adult,205
Situk Nine Mile,Situk RIver,1971,6/29/1971,29-Jun,Counted live,Sockeye,Adult,5091
Situk Nine Mile,Situk RIver,1971,6/30/1971,30-Jun,Counted live,Sockeye,Adult,2381
Situk Nine Mile,Situk RIver,1971,7/1/1971,1-Jul,Counted live,Sockeye,Adult,1491
Situk Nine Mile,Situk RIver,1971,7/2/1971,2-Jul,Counted live,Sockeye,Adult,5893
Situk Nine Mile,Situk RIver,1971,7/3/1971,3-Jul,Counted live,Sockeye,Adult,14427
Situk Nine Mile,Situk RIver,1971,7/4/1971,4-Jul,Counted live,Sockeye,Adult,458
Situk Nine Mile,Situk RIver,1971,7/5/1971,5-Jul,Counted live,Sockeye,Adult,2300
Situk Nine Mile,Situk RIver,1971,7/6/1971,6-Jul,Counted live,Sockeye,Adult,1120
Situk Nine Mile,Situk RIver,1971,7/7/1971,7-Jul,Counted live,Sockeye,Adult,7766
Situk Nine Mile,Situk RIver,1971,7/8/1971,8-Jul,Counted live,Sockeye,Adult,843
Situk Nine Mile,Situk RIver,1971,7/9/1971,9-Jul,Counted live,Sockeye,Adult,11319
Situk Nine Mile,Situk RIver,1971,7/10/1971,10-Jul,Counted live,Sockeye,Adult,7955
Situk Nine Mile,Situk RIver,1971,7/11/1971,11-Jul,Counted live,Sockeye,Adult,4389
Situk Nine Mile,Situk RIver,1971,7/12/1971,12-Jul,Counted live,Sockeye,Adult,6276
Situk Nine Mile,Situk RIver,1971,7/13/1971,13-Jul,Counted live,Sockeye,Adult,4530
Situk Nine Mile,Situk RIver,1971,7/14/1971,14-Jul,Counted live,Sockeye,Adult,4401
Situk Nine Mile,Situk RIver,1971,7/15/1971,15-Jul,Counted live,Sockeye,Adult,1797
Situk Nine Mile,Situk RIver,1971,7/16/1971,16-Jul,Counted live,Sockeye,Adult,14597
Situk Nine Mile,Situk RIver,1971,7/17/1971,17-Jul,Counted live,Sockeye,Adult,497
Situk Nine Mile,Situk RIver,1971,7/18/1971,18-Jul,Counted live,Sockeye,Adult,1762
Situk Nine Mile,Situk RIver,1971,7/19/1971,19-Jul,Counted live,Sockeye,Adult,1367
Situk Nine Mile,Situk RIver,1971,7/20/1971,20-Jul,Counted live,Sockeye,Adult,1008
Situk Nine Mile,Situk RIver,1971,7/21/1971,21-Jul,Counted live,Sockeye,Adult,3270
Situk Nine Mile,Situk RIver,1971,7/22/1971,22-Jul,Counted live,Sockeye,Adult,31
Situk Nine Mile,Situk RIver,1971,7/23/1971,23-Jul,Counted live,Sockeye,Adult,879
Situk Nine Mile,Situk RIver,1971,7/24/1971,24-Jul,Counted live,Sockeye,Adult,800
Situk Nine Mile,Situk RIver,1971,7/25/1971,25-Jul,Counted live,Sockeye,Adult,3085
Situk Nine Mile,Situk RIver,1971,7/26/1971,26-Jul,Counted live,Sockeye,Adult,7204
Situk Nine Mile,Situk RIver,1971,7/27/1971,27-Jul,Counted live,Sockeye,Adult,20
Situk Nine Mile,Situk RIver,1971,7/28/1971,28-Jul,Counted live,Sockeye,Adult,0
Situk Nine Mile,Situk RIver,1971,7/29/1971,29-Jul,Counted live,Sockeye,Adult,12
Situk Nine Mile,Situk RIver,1971,7/30/1971,30-Jul,Counted live,Sockeye,Adult,0
Situk Nine Mile,Situk RIver,1971,7/31/1971,31-Jul,Counted live,Sockeye,Adult,178
Situk Nine Mile,Situk RIver,1971,8/1/1971,1-Aug,Counted live,Sockeye,Adult,98
Situk Nine Mile,Situk RIver,1971,8/2/1971,2-Aug,Counted live,Sockeye,Adult,209
Situk Nine Mile,Situk RIver,1971,8/3/1971,3-Aug,Counted live,Sockeye,Adult,762
Situk Nine Mile,Situk RIver,1971,8/4/1971,4-Aug,Counted live,Sockeye,Adult,1787
Situk Nine Mile,Situk RIver,1971,8/5/1971,5-Aug,Counted live,Sockeye,Adult,758
Situk Nine Mile,Situk RIver,1971,8/6/1971,6-Aug,Counted live,Sockeye,Adult,241
Situk Nine Mile,Situk RIver,1971,8/7/1971,7-Aug,Counted live,Sockeye,Adult,103
Situk Nine Mile,Situk RIver,1971,8/8/1971,8-Aug,Counted live,Sockeye,Adult,1539
Situk Nine Mile,Situk RIver,1971,8/9/1971,9-Aug,Counted live,Sockeye,Adult,2335
Situk Nine Mile,Situk RIver,1971,8/10/1971,10-Aug,Counted live,Sockeye,Adult,1581
Situk Nine Mile,Situk RIver,1971,8/11/1971,11-Aug,Counted live,Sockeye,Adult,526
Situk Nine Mile,Situk RIver,1971,8/12/1971,12-Aug,Counted live,Sockeye,Adult,1335
Situk Nine Mile,Situk RIver,1971,8/13/1971,13-Aug,Counted live,Sockeye,Adult,364
Situk Nine Mile,Situk RIver,1971,8/14/1971,14-Aug,Counted live,Sockeye,Adult,233
Situk Nine Mile,Situk RIver,1971,8/15/1971,15-Aug,Counted live,Sockeye,Adult,3975
Situk Nine Mile,Situk RIver,1971,8/16/1971,16-Aug,Counted live,Sockeye,Adult,1024
Situk Nine Mile,Situk RIver,1971,8/17/1971,17-Aug,Counted live,Sockeye,Adult,444
Situk Nine Mile,Situk RIver,1971,8/18/1971,18-Aug,Counted live,Sockeye,Adult,10
Situk Nine Mile,Situk RIver,1976,6/10/1976,10-Jun,Counted live,Sockeye,Adult,0
Situk Nine Mile,Situk RIver,1976,6/11/1976,11-Jun,Counted live,Sockeye,Adult,0
Situk Nine Mile,Situk RIver,1976,6/12/1976,12-Jun,Counted live,Sockeye,Adult,0
Situk Nine Mile,Situk RIver,1976,6/13/1976,13-Jun,Counted live,Sockeye,Adult,0
Situk Nine Mile,Situk RIver,1976,6/14/1976,14-Jun,Counted live,Sockeye,Adult,0
Situk Nine Mile,Situk RIver,1976,6/15/1976,15-Jun,Counted live,Sockeye,Adult,0
Situk Nine Mile,Situk RIver,1976,6/16/1976,16-Jun,Counted live,Sockeye,Adult,1
Situk Nine Mile,Situk RIver,1976,6/17/1976,17-Jun,Counted live,Sockeye,Adult,0
Situk Nine Mile,Situk RIver,1976,6/18/1976,18-Jun,Counted live,Sockeye,Adult,810
Situk Nine Mile,Situk RIver,1976,6/19/1976,19-Jun,Counted live,Sockeye,Adult,0
Situk Nine Mile,Situk RIver,1976,6/20/1976,20-Jun,Counted live,Sockeye,Adult,1052
Situk Nine Mile,Situk RIver,1976,6/21/1976,21-Jun,Counted live,Sockeye,Adult,781
Situk Nine Mile,Situk RIver,1976,6/22/1976,22-Jun,Counted live,Sockeye,Adult,1873
Situk Nine Mile,Situk RIver,1976,6/23/1976,23-Jun,Counted live,Sockeye,Adult,515
Situk Nine Mile,Situk RIver,1976,6/24/1976,24-Jun,Counted live,Sockeye,Adult,1952
Situk Nine Mile,Situk RIver,1976,6/25/1976,25-Jun,Counted live,Sockeye,Adult,4025
Situk Nine Mile,Situk RIver,1976,6/26/1976,26-Jun,Counted live,Sockeye,Adult,1966
Situk Nine Mile,Situk RIver,1976,6/27/1976,27-Jun,Counted live,Sockeye,Adult,1724
Situk Nine Mile,Situk RIver,1976,6/28/1976,28-Jun,Counted live,Sockeye,Adult,3510
Situk Nine Mile,Situk RIver,1976,6/29/1976,29-Jun,Counted live,Sockeye,Adult,2800
Situk Nine Mile,Situk RIver,1976,6/30/1976,30-Jun,Counted live,Sockeye,Adult,3000
Situk Nine Mile,Situk RIver,1976,7/1/1976,1-Jul,Counted live,Sockeye,Adult,1560
Situk Nine Mile,Situk RIver,1976,7/2/1976,2-Jul,Counted live,Sockeye,Adult,3130
Situk Nine Mile,Situk RIver,1976,7/3/1976,3-Jul,Counted live,Sockeye,Adult,2601
Situk Nine Mile,Situk RIver,1976,7/4/1976,4-Jul,Counted live,Sockeye,Adult,1500
Situk Nine Mile,Situk RIver,1976,7/5/1976,5-Jul,Counted live,Sockeye,Adult,2400
Situk Nine Mile,Situk RIver,1976,7/6/1976,6-Jul,Counted live,Sockeye,Adult,3810
Situk Nine Mile,Situk RIver,1976,7/7/1976,7-Jul,Counted live,Sockeye,Adult,5900
Situk Nine Mile,Situk RIver,1976,7/8/1976,8-Jul,Counted live,Sockeye,Adult,3200
Situk Nine Mile,Situk RIver,1976,7/9/1976,9-Jul,Counted live,Sockeye,Adult,1873
Situk Nine Mile,Situk RIver,1976,7/10/1976,10-Jul,Counted live,Sockeye,Adult,2139
Situk Nine Mile,Situk RIver,1976,7/11/1976,11-Jul,Counted live,Sockeye,Adult,2010
Situk Nine Mile,Situk RIver,1976,7/12/1976,12-Jul,Counted live,Sockeye,Adult,2000
Situk Nine Mile,Situk RIver,1976,7/13/1976,13-Jul,Counted live,Sockeye,Adult,3201
Situk Nine Mile,Situk RIver,1976,7/14/1976,14-Jul,Counted live,Sockeye,Adult,2700
Situk Nine Mile,Situk RIver,1976,7/15/1976,15-Jul,Counted live,Sockeye,Adult,3275
Situk Nine Mile,Situk RIver,1976,7/16/1976,16-Jul,Counted live,Sockeye,Adult,2501
Situk Nine Mile,Situk RIver,1976,7/17/1976,17-Jul,Counted live,Sockeye,Adult,725
Situk Nine Mile,Situk RIver,1976,7/18/1976,18-Jul,Counted live,Sockeye,Adult,1502
Situk Nine Mile,Situk RIver,1976,7/19/1976,19-Jul,Counted live,Sockeye,Adult,3202
Situk Nine Mile,Situk RIver,1976,7/20/1976,20-Jul,Counted live,Sockeye,Adult,3800
Situk Nine Mile,Situk RIver,1976,7/21/1976,21-Jul,Counted live,Sockeye,Adult,4504
Situk Nine Mile,Situk RIver,1976,7/22/1976,22-Jul,Counted live,Sockeye,Adult,1000
Situk Nine Mile,Situk RIver,1976,7/23/1976,23-Jul,Counted live,Sockeye,Adult,2001
Situk Nine Mile,Situk RIver,1976,7/24/1976,24-Jul,Counted live,Sockeye,Adult,1750
Situk Nine Mile,Situk RIver,1976,7/25/1976,25-Jul,Counted live,Sockeye,Adult,1200
Situk Nine Mile,Situk RIver,1976,7/26/1976,26-Jul,Counted live,Sockeye,Adult,2301
Situk Nine Mile,Situk RIver,1976,7/27/1976,27-Jul,Counted live,Sockeye,Adult,3200
Situk Nine Mile,Situk RIver,1976,7/28/1976,28-Jul,Counted live,Sockeye,Adult,1151
Situk Nine Mile,Situk RIver,1976,7/29/1976,29-Jul,Counted live,Sockeye,Adult,3926
Situk Nine Mile,Situk RIver,1976,7/30/1976,30-Jul,Counted live,Sockeye,Adult,1766
Situk Nine Mile,Situk RIver,1976,7/31/1976,31-Jul,Counted live,Sockeye,Adult,1919
Situk Nine Mile,Situk RIver,1976,8/1/1976,1-Aug,Counted live,Sockeye,Adult,2160
Situk Nine Mile,Situk RIver,1976,8/2/1976,2-Aug,Counted live,Sockeye,Adult,2100
Situk Nine Mile,Situk RIver,1976,8/3/1976,3-Aug,Counted live,Sockeye,Adult,2037
Situk Nine Mile,Situk RIver,1976,8/4/1976,4-Aug,Counted live,Sockeye,Adult,920
Situk Nine Mile,Situk RIver,1976,8/5/1976,5-Aug,Counted live,Sockeye,Adult,1206
Situk Nine Mile,Situk RIver,1976,8/6/1976,6-Aug,Counted live,Sockeye,Adult,860
Situk Nine Mile,Situk RIver,1976,8/7/1976,7-Aug,Counted live,Sockeye,Adult,400
Situk Nine Mile,Situk RIver,1976,8/8/1976,8-Aug,Counted live,Sockeye,Adult,650
Situk Nine Mile,Situk RIver,1976,8/9/1976,9-Aug,Counted live,Sockeye,Adult,328
Situk Nine Mile,Situk RIver,1976,8/10/1976,10-Aug,Counted live,Sockeye,Adult,316
Situk Nine Mile,Situk RIver,1976,8/11/1976,11-Aug,Counted live,Sockeye,Adult,585
Situk Nine Mile,Situk RIver,1976,8/12/1976,12-Aug,Counted live,Sockeye,Adult,256
Situk Nine Mile,Situk RIver,1976,8/13/1976,13-Aug,Counted live,Sockeye,Adult,660
Situk Nine Mile,Situk RIver,1976,8/14/1976,14-Aug,Counted live,Sockeye,Adult,159
Situk Nine Mile,Situk RIver,1976,8/15/1976,15-Aug,Counted live,Sockeye,Adult,353
Situk Nine Mile,Situk RIver,1976,8/16/1976,16-Aug,Counted live,Sockeye,Adult,260
Situk Nine Mile,Situk RIver,1976,8/17/1976,17-Aug,Counted live,Sockeye,Adult,347
Situk Nine Mile,Situk RIver,1976,8/18/1976,18-Aug,Counted live,Sockeye,Adult,1100
Situk Nine Mile,Situk RIver,1976,8/19/1976,19-Aug,Counted live,Sockeye,Adult,500
Situk Nine Mile,Situk RIver,1976,8/20/1976,20-Aug,Counted live,Sockeye,Adult,36
Situk Nine Mile,Situk RIver,1977,6/10/1977,10-Jun,Counted live,Sockeye,Adult,336
Situk Nine Mile,Situk RIver,1977,6/11/1977,11-Jun,Counted live,Sockeye,Adult,267
Situk Nine Mile,Situk RIver,1977,6/12/1977,12-Jun,Counted live,Sockeye,Adult,701
Situk Nine Mile,Situk RIver,1977,6/13/1977,13-Jun,Counted live,Sockeye,Adult,0
Situk Nine Mile,Situk RIver,1977,6/14/1977,14-Jun,Counted live,Sockeye,Adult,615
Situk Nine Mile,Situk RIver,1977,6/15/1977,15-Jun,Counted live,Sockeye,Adult,1087
Situk Nine Mile,Situk RIver,1977,6/16/1977,16-Jun,Counted live,Sockeye,Adult,3500
Situk Nine Mile,Situk RIver,1977,6/17/1977,17-Jun,Counted live,Sockeye,Adult,3600
Situk Nine Mile,Situk RIver,1977,6/18/1977,18-Jun,Counted live,Sockeye,Adult,1900
Situk Nine Mile,Situk RIver,1977,6/19/1977,19-Jun,Counted live,Sockeye,Adult,4500
Situk Nine Mile,Situk RIver,1977,6/20/1977,20-Jun,Counted live,Sockeye,Adult,2300
Situk Nine Mile,Situk RIver,1977,6/21/1977,21-Jun,Counted live,Sockeye,Adult,3900
Situk Nine Mile,Situk RIver,1977,6/22/1977,22-Jun,Counted live,Sockeye,Adult,5700
Situk Nine Mile,Situk RIver,1977,6/23/1977,23-Jun,Counted live,Sockeye,Adult,4400
Situk Nine Mile,Situk RIver,1977,6/24/1977,24-Jun,Counted live,Sockeye,Adult,4400
Situk Nine Mile,Situk RIver,1977,6/25/1977,25-Jun,Counted live,Sockeye,Adult,3626
Situk Nine Mile,Situk RIver,1977,6/26/1977,26-Jun,Counted live,Sockeye,Adult,5106
Situk Nine Mile,Situk RIver,1977,6/27/1977,27-Jun,Counted live,Sockeye,Adult,4401
Situk Nine Mile,Situk RIver,1977,6/28/1977,28-Jun,Counted live,Sockeye,Adult,6122
Situk Nine Mile,Situk RIver,1977,6/29/1977,29-Jun,Counted live,Sockeye,Adult,5101
Situk Nine Mile,Situk RIver,1977,6/30/1977,30-Jun,Counted live,Sockeye,Adult,6905
Situk Nine Mile,Situk RIver,1977,7/1/1977,1-Jul,Counted live,Sockeye,Adult,3501
Situk Nine Mile,Situk RIver,1977,7/2/1977,2-Jul,Counted live,Sockeye,Adult,5109
Situk Nine Mile,Situk RIver,1977,7/3/1977,3-Jul,Counted live,Sockeye,Adult,5503
Situk Nine Mile,Situk RIver,1977,7/4/1977,4-Jul,Counted live,Sockeye,Adult,14032
Situk Nine Mile,Situk RIver,1977,7/5/1977,5-Jul,Counted live,Sockeye,Adult,4500
Situk Nine Mile,Situk RIver,1977,7/6/1977,6-Jul,Counted live,Sockeye,Adult,6220
Situk Nine Mile,Situk RIver,1977,7/7/1977,7-Jul,Counted live,Sockeye,Adult,3200
Situk Nine Mile,Situk RIver,1977,7/8/1977,8-Jul,Counted live,Sockeye,Adult,5014
Situk Nine Mile,Situk RIver,1977,7/9/1977,9-Jul,Counted live,Sockeye,Adult,7508
Situk Nine Mile,Situk RIver,1977,7/10/1977,10-Jul,Counted live,Sockeye,Adult,4315
Situk Nine Mile,Situk RIver,1977,7/11/1977,11-Jul,Counted live,Sockeye,Adult,10014
Situk Nine Mile,Situk RIver,1977,7/12/1977,12-Jul,Counted live,Sockeye,Adult,4707
Situk Nine Mile,Situk RIver,1977,7/13/1977,13-Jul,Counted live,Sockeye,Adult,4603
Situk Nine Mile,Situk RIver,1977,7/14/1977,14-Jul,Counted live,Sockeye,Adult,2506
Situk Nine Mile,Situk RIver,1977,7/15/1977,15-Jul,Counted live,Sockeye,Adult,4322
Situk Nine Mile,Situk RIver,1977,7/16/1977,16-Jul,Counted live,Sockeye,Adult,3150
Situk Nine Mile,Situk RIver,1977,7/17/1977,17-Jul,Counted live,Sockeye,Adult,3003
Situk Nine Mile,Situk RIver,1977,7/18/1977,18-Jul,Counted live,Sockeye,Adult,4007
Situk Nine Mile,Situk RIver,1977,7/19/1977,19-Jul,Counted live,Sockeye,Adult,3108
Situk Nine Mile,Situk RIver,1977,7/20/1977,20-Jul,Counted live,Sockeye,Adult,2406
Situk Nine Mile,Situk RIver,1977,7/21/1977,21-Jul,Counted live,Sockeye,Adult,4701
Situk Nine Mile,Situk RIver,1977,7/22/1977,22-Jul,Counted live,Sockeye,Adult,2000
Situk Nine Mile,Situk RIver,1977,7/23/1977,23-Jul,Counted live,Sockeye,Adult,4200
Situk Nine Mile,Situk RIver,1977,7/24/1977,24-Jul,Counted live,Sockeye,Adult,2801
Situk Nine Mile,Situk RIver,1977,7/25/1977,25-Jul,Counted live,Sockeye,Adult,1621
Situk Nine Mile,Situk RIver,1977,7/26/1977,26-Jul,Counted live,Sockeye,Adult,4017
Situk Nine Mile,Situk RIver,1977,7/27/1977,27-Jul,Counted live,Sockeye,Adult,2914
Situk Nine Mile,Situk RIver,1977,7/28/1977,28-Jul,Counted live,Sockeye,Adult,3906
Situk Nine Mile,Situk RIver,1977,7/29/1977,29-Jul,Counted live,Sockeye,Adult,4501
Situk Nine Mile,Situk RIver,1977,7/30/1977,30-Jul,Counted live,Sockeye,Adult,1301
Situk Nine Mile,Situk RIver,1977,7/31/1977,31-Jul,Counted live,Sockeye,Adult,1876
Situk Nine Mile,Situk RIver,1977,8/1/1977,1-Aug,Counted live,Sockeye,Adult,725
Situk Nine Mile,Situk RIver,1977,8/2/1977,2-Aug,Counted live,Sockeye,Adult,305
Situk Nine Mile,Situk RIver,1977,8/3/1977,3-Aug,Counted live,Sockeye,Adult,862
Situk Nine Mile,Situk RIver,1977,8/4/1977,4-Aug,Counted live,Sockeye,Adult,1009
Situk Nine Mile,Situk RIver,1977,8/5/1977,5-Aug,Counted live,Sockeye,Adult,2416
Situk Nine Mile,Situk RIver,1977,8/6/1977,6-Aug,Counted live,Sockeye,Adult,1907
Situk Nine Mile,Situk RIver,1977,8/7/1977,7-Aug,Counted live,Sockeye,Adult,276
Situk Nine Mile,Situk RIver,1977,8/8/1977,8-Aug,Counted live,Sockeye,Adult,1079
Situk Nine Mile,Situk RIver,1977,8/9/1977,9-Aug,Counted live,Sockeye,Adult,511
Situk Nine Mile,Situk RIver,1977,8/10/1977,10-Aug,Counted live,Sockeye,Adult,802
Situk Nine Mile,Situk RIver,1977,8/11/1977,11-Aug,Counted live,Sockeye,Adult,1402
Situk Nine Mile,Situk RIver,1977,8/12/1977,12-Aug,Counted live,Sockeye,Adult,581
Situk Nine Mile,Situk RIver,1977,8/13/1977,13-Aug,Counted live,Sockeye,Adult,198
Situk Nine Mile,Situk RIver,1977,8/14/1977,14-Aug,Counted live,Sockeye,Adult,550
Situk Nine Mile,Situk RIver,1977,8/15/1977,15-Aug,Counted live,Sockeye,Adult,83
Situk Nine Mile,Situk RIver,1977,8/16/1977,16-Aug,Counted live,Sockeye,Adult,27
Situk Nine Mile,Situk RIver,1977,8/17/1977,17-Aug,Counted live,Sockeye,Adult,865
Situk Nine Mile,Situk RIver,1978,6/6/1978,6-Jun,Counted live,Sockeye,Adult,6
Situk Nine Mile,Situk RIver,1978,6/7/1978,7-Jun,Counted live,Sockeye,Adult,0
Situk Nine Mile,Situk RIver,1978,6/8/1978,8-Jun,Counted live,Sockeye,Adult,0
Situk Nine Mile,Situk RIver,1978,6/9/1978,9-Jun,Counted live,Sockeye,Adult,4
Situk Nine Mile,Situk RIver,1978,6/10/1978,10-Jun,Counted live,Sockeye,Adult,83
Situk Nine Mile,Situk RIver,1978,6/11/1978,11-Jun,Counted live,Sockeye,Adult,0
Situk Nine Mile,Situk RIver,1978,6/12/1978,12-Jun,Counted live,Sockeye,Adult,0
Situk Nine Mile,Situk RIver,1978,6/13/1978,13-Jun,Counted live,Sockeye,Adult,193
Situk Nine Mile,Situk RIver,1978,6/14/1978,14-Jun,Counted live,Sockeye,Adult,790
Situk Nine Mile,Situk RIver,1978,6/15/1978,15-Jun,Counted live,Sockeye,Adult,567
Situk Nine Mile,Situk RIver,1978,6/16/1978,16-Jun,Counted live,Sockeye,Adult,710
Situk Nine Mile,Situk RIver,1978,6/17/1978,17-Jun,Counted live,Sockeye,Adult,4640
Situk Nine Mile,Situk RIver,1978,6/18/1978,18-Jun,Counted live,Sockeye,Adult,485
Situk Nine Mile,Situk RIver,1978,6/19/1978,19-Jun,Counted live,Sockeye,Adult,1400
Situk Nine Mile,Situk RIver,1978,6/20/1978,20-Jun,Counted live,Sockeye,Adult,3100
Situk Nine Mile,Situk RIver,1978,6/21/1978,21-Jun,Counted live,Sockeye,Adult,1600
Situk Nine Mile,Situk RIver,1978,6/22/1978,22-Jun,Counted live,Sockeye,Adult,1402
Situk Nine Mile,Situk RIver,1978,6/23/1978,23-Jun,Counted live,Sockeye,Adult,2601
Situk Nine Mile,Situk RIver,1978,6/24/1978,24-Jun,Counted live,Sockeye,Adult,838
Situk Nine Mile,Situk RIver,1978,6/25/1978,25-Jun,Counted live,Sockeye,Adult,2012
Situk Nine Mile,Situk RIver,1978,6/26/1978,26-Jun,Counted live,Sockeye,Adult,5802
Situk Nine Mile,Situk RIver,1978,6/27/1978,27-Jun,Counted live,Sockeye,Adult,2600
Situk Nine Mile,Situk RIver,1978,6/28/1978,28-Jun,Counted live,Sockeye,Adult,1950
Situk Nine Mile,Situk RIver,1978,6/29/1978,29-Jun,Counted live,Sockeye,Adult,2501
Situk Nine Mile,Situk RIver,1978,6/30/1978,30-Jun,Counted live,Sockeye,Adult,1214
Situk Nine Mile,Situk RIver,1978,7/1/1978,1-Jul,Counted live,Sockeye,Adult,1400
Situk Nine Mile,Situk RIver,1978,7/2/1978,2-Jul,Counted live,Sockeye,Adult,8104
Situk Nine Mile,Situk RIver,1978,7/3/1978,3-Jul,Counted live,Sockeye,Adult,6607
Situk Nine Mile,Situk RIver,1978,7/4/1978,4-Jul,Counted live,Sockeye,Adult,3100
Situk Nine Mile,Situk RIver,1978,7/5/1978,5-Jul,Counted live,Sockeye,Adult,4100
Situk Nine Mile,Situk RIver,1978,7/6/1978,6-Jul,Counted live,Sockeye,Adult,2306
Situk Nine Mile,Situk RIver,1978,7/7/1978,7-Jul,Counted live,Sockeye,Adult,3106
Situk Nine Mile,Situk RIver,1978,7/8/1978,8-Jul,Counted live,Sockeye,Adult,5200
Situk Nine Mile,Situk RIver,1978,7/9/1978,9-Jul,Counted live,Sockeye,Adult,5509
Situk Nine Mile,Situk RIver,1978,7/10/1978,10-Jul,Counted live,Sockeye,Adult,5608
Situk Nine Mile,Situk RIver,1978,7/11/1978,11-Jul,Counted live,Sockeye,Adult,5018
Situk Nine Mile,Situk RIver,1978,7/12/1978,12-Jul,Counted live,Sockeye,Adult,2406
Situk Nine Mile,Situk RIver,1978,7/13/1978,13-Jul,Counted live,Sockeye,Adult,2903
Situk Nine Mile,Situk RIver,1978,7/14/1978,14-Jul,Counted live,Sockeye,Adult,1500
Situk Nine Mile,Situk RIver,1978,7/15/1978,15-Jul,Counted live,Sockeye,Adult,1306
Situk Nine Mile,Situk RIver,1978,7/16/1978,16-Jul,Counted live,Sockeye,Adult,4107
Situk Nine Mile,Situk RIver,1978,7/17/1978,17-Jul,Counted live,Sockeye,Adult,2500
Situk Nine Mile,Situk RIver,1978,7/18/1978,18-Jul,Counted live,Sockeye,Adult,3603
Situk Nine Mile,Situk RIver,1978,7/19/1978,19-Jul,Counted live,Sockeye,Adult,3215
Situk Nine Mile,Situk RIver,1978,7/20/1978,20-Jul,Counted live,Sockeye,Adult,3202
Situk Nine Mile,Situk RIver,1978,7/21/1978,21-Jul,Counted live,Sockeye,Adult,2304
Situk Nine Mile,Situk RIver,1978,7/22/1978,22-Jul,Counted live,Sockeye,Adult,2404
Situk Nine Mile,Situk RIver,1978,7/23/1978,23-Jul,Counted live,Sockeye,Adult,2715
Situk Nine Mile,Situk RIver,1978,7/24/1978,24-Jul,Counted live,Sockeye,Adult,1007
Situk Nine Mile,Situk RIver,1978,7/25/1978,25-Jul,Counted live,Sockeye,Adult,2303
Situk Nine Mile,Situk RIver,1978,7/26/1978,26-Jul,Counted live,Sockeye,Adult,1605
Situk Nine Mile,Situk RIver,1978,7/27/1978,27-Jul,Counted live,Sockeye,Adult,1204
Situk Nine Mile,Situk RIver,1978,7/28/1978,28-Jul,Counted live,Sockeye,Adult,1621
Situk Nine Mile,Situk RIver,1978,7/29/1978,29-Jul,Counted live,Sockeye,Adult,1207
Situk Nine Mile,Situk RIver,1978,7/30/1978,30-Jul,Counted live,Sockeye,Adult,1505
Situk Nine Mile,Situk RIver,1978,7/31/1978,31-Jul,Counted live,Sockeye,Adult,1303
Situk Nine Mile,Situk RIver,1978,8/1/1978,1-Aug,Counted live,Sockeye,Adult,2342
Situk Nine Mile,Situk RIver,1978,8/2/1978,2-Aug,Counted live,Sockeye,Adult,2780
Situk Nine Mile,Situk RIver,1978,8/3/1978,3-Aug,Counted live,Sockeye,Adult,1302
Situk Nine Mile,Situk RIver,1978,8/4/1978,4-Aug,Counted live,Sockeye,Adult,3008
Situk Nine Mile,Situk RIver,1978,8/5/1978,5-Aug,Counted live,Sockeye,Adult,1208
Situk Nine Mile,Situk RIver,1978,8/6/1978,6-Aug,Counted live,Sockeye,Adult,111
Situk Nine Mile,Situk RIver,1978,8/7/1978,7-Aug,Counted live,Sockeye,Adult,363
Situk Nine Mile,Situk RIver,1978,8/8/1978,8-Aug,Counted live,Sockeye,Adult,3309
Situk Nine Mile,Situk RIver,1978,8/9/1978,9-Aug,Counted live,Sockeye,Adult,277
Situk Nine Mile,Situk RIver,1978,8/10/1978,10-Aug,Counted live,Sockeye,Adult,557
Situk Nine Mile,Situk RIver,1978,8/11/1978,11-Aug,Counted live,Sockeye,Adult,305
Situk Nine Mile,Situk RIver,1978,8/12/1978,12-Aug,Counted live,Sockeye,Adult,298
Situk Nine Mile,Situk RIver,1978,8/13/1978,13-Aug,Counted live,Sockeye,Adult,547
Situk Nine Mile,Situk RIver,1978,8/14/1978,14-Aug,Counted live,Sockeye,Adult,514
Situk Nine Mile,Situk RIver,1978,8/15/1978,15-Aug,Counted live,Sockeye,Adult,270
Situk Nine Mile,Situk RIver,1978,8/16/1978,16-Aug,Counted live,Sockeye,Adult,423
Situk Nine Mile,Situk RIver,1978,8/17/1978,17-Aug,Counted live,Sockeye,Adult,794
Situk Nine Mile,Situk RIver,1979,6/17/1979,17-Jun,Counted live,Sockeye,Adult,427
Situk Nine Mile,Situk RIver,1979,6/18/1979,18-Jun,Counted live,Sockeye,Adult,0
Situk Nine Mile,Situk RIver,1979,6/19/1979,19-Jun,Counted live,Sockeye,Adult,1000
Situk Nine Mile,Situk RIver,1979,6/20/1979,20-Jun,Counted live,Sockeye,Adult,289
Situk Nine Mile,Situk RIver,1979,6/21/1979,21-Jun,Counted live,Sockeye,Adult,752
Situk Nine Mile,Situk RIver,1979,6/22/1979,22-Jun,Counted live,Sockeye,Adult,904
Situk Nine Mile,Situk RIver,1979,6/23/1979,23-Jun,Counted live,Sockeye,Adult,670
Situk Nine Mile,Situk RIver,1979,6/24/1979,24-Jun,Counted live,Sockeye,Adult,281
Situk Nine Mile,Situk RIver,1979,6/25/1979,25-Jun,Counted live,Sockeye,Adult,390
Situk Nine Mile,Situk RIver,1979,6/26/1979,26-Jun,Counted live,Sockeye,Adult,3401
Situk Nine Mile,Situk RIver,1979,6/27/1979,27-Jun,Counted live,Sockeye,Adult,3206
Situk Nine Mile,Situk RIver,1979,6/28/1979,28-Jun,Counted live,Sockeye,Adult,3009
Situk Nine Mile,Situk RIver,1979,6/29/1979,29-Jun,Counted live,Sockeye,Adult,620
Situk Nine Mile,Situk RIver,1979,6/30/1979,30-Jun,Counted live,Sockeye,Adult,346
Situk Nine Mile,Situk RIver,1979,7/1/1979,1-Jul,Counted live,Sockeye,Adult,336
Situk Nine Mile,Situk RIver,1979,7/2/1979,2-Jul,Counted live,Sockeye,Adult,2610
Situk Nine Mile,Situk RIver,1979,7/3/1979,3-Jul,Counted live,Sockeye,Adult,6509
Situk Nine Mile,Situk RIver,1979,7/4/1979,4-Jul,Counted live,Sockeye,Adult,4902
Situk Nine Mile,Situk RIver,1979,7/5/1979,5-Jul,Counted live,Sockeye,Adult,2269
Situk Nine Mile,Situk RIver,1979,7/6/1979,6-Jul,Counted live,Sockeye,Adult,4600
Situk Nine Mile,Situk RIver,1979,7/7/1979,7-Jul,Counted live,Sockeye,Adult,2106
Situk Nine Mile,Situk RIver,1979,7/8/1979,8-Jul,Counted live,Sockeye,Adult,2006
Situk Nine Mile,Situk RIver,1979,7/9/1979,9-Jul,Counted live,Sockeye,Adult,3001
Situk Nine Mile,Situk RIver,1979,7/10/1979,10-Jul,Counted live,Sockeye,Adult,2100
Situk Nine Mile,Situk RIver,1979,7/11/1979,11-Jul,Counted live,Sockeye,Adult,1489
Situk Nine Mile,Situk RIver,1979,7/12/1979,12-Jul,Counted live,Sockeye,Adult,1693
Situk Nine Mile,Situk RIver,1979,7/13/1979,13-Jul,Counted live,Sockeye,Adult,1214
Situk Nine Mile,Situk RIver,1979,7/14/1979,14-Jul,Counted live,Sockeye,Adult,1615
Situk Nine Mile,Situk RIver,1979,7/15/1979,15-Jul,Counted live,Sockeye,Adult,3692
Situk Nine Mile,Situk RIver,1979,7/16/1979,16-Jul,Counted live,Sockeye,Adult,2002
Situk Nine Mile,Situk RIver,1979,7/17/1979,17-Jul,Counted live,Sockeye,Adult,4289
Situk Nine Mile,Situk RIver,1979,7/18/1979,18-Jul,Counted live,Sockeye,Adult,2205
Situk Nine Mile,Situk RIver,1979,7/19/1979,19-Jul,Counted live,Sockeye,Adult,3694
Situk Nine Mile,Situk RIver,1979,7/20/1979,20-Jul,Counted live,Sockeye,Adult,1823
Situk Nine Mile,Situk RIver,1979,7/21/1979,21-Jul,Counted live,Sockeye,Adult,1486
Situk Nine Mile,Situk RIver,1979,7/22/1979,22-Jul,Counted live,Sockeye,Adult,1704
Situk Nine Mile,Situk RIver,1979,7/23/1979,23-Jul,Counted live,Sockeye,Adult,661
Situk Nine Mile,Situk RIver,1979,7/24/1979,24-Jul,Counted live,Sockeye,Adult,2005
Situk Nine Mile,Situk RIver,1979,7/25/1979,25-Jul,Counted live,Sockeye,Adult,3812
Situk Nine Mile,Situk RIver,1979,7/26/1979,26-Jul,Counted live,Sockeye,Adult,4300
Situk Nine Mile,Situk RIver,1979,7/27/1979,27-Jul,Counted live,Sockeye,Adult,1179
Situk Nine Mile,Situk RIver,1979,7/28/1979,28-Jul,Counted live,Sockeye,Adult,4358
Situk Nine Mile,Situk RIver,1979,7/29/1979,29-Jul,Counted live,Sockeye,Adult,3711
Situk Nine Mile,Situk RIver,1979,7/30/1979,30-Jul,Counted live,Sockeye,Adult,3326
Situk Nine Mile,Situk RIver,1979,7/31/1979,31-Jul,Counted live,Sockeye,Adult,2087
Situk Nine Mile,Situk RIver,1979,8/1/1979,1-Aug,Counted live,Sockeye,Adult,2603
Situk Nine Mile,Situk RIver,1979,8/2/1979,2-Aug,Counted live,Sockeye,Adult,1183
Situk Nine Mile,Situk RIver,1979,8/3/1979,3-Aug,Counted live,Sockeye,Adult,2046
Situk Nine Mile,Situk RIver,1979,8/4/1979,4-Aug,Counted live,Sockeye,Adult,3786
Situk Nine Mile,Situk RIver,1979,8/5/1979,5-Aug,Counted live,Sockeye,Adult,3289
Situk Nine Mile,Situk RIver,1979,8/6/1979,6-Aug,Counted live,Sockeye,Adult,2021
Situk Nine Mile,Situk RIver,1979,8/7/1979,7-Aug,Counted live,Sockeye,Adult,2801
Situk Nine Mile,Situk RIver,1979,8/8/1979,8-Aug,Counted live,Sockeye,Adult,1510
Situk Nine Mile,Situk RIver,1979,8/9/1979,9-Aug,Counted live,Sockeye,Adult,1815
Situk Nine Mile,Situk RIver,1979,8/10/1979,10-Aug,Counted live,Sockeye,Adult,674
Situk Nine Mile,Situk RIver,1979,8/11/1979,11-Aug,Counted live,Sockeye,Adult,1358
Situk Nine Mile,Situk RIver,1979,8/12/1979,12-Aug,Counted live,Sockeye,Adult,115
Situk Nine Mile,Situk RIver,1979,8/13/1979,13-Aug,Counted live,Sockeye,Adult,3500
Situk Nine Mile,Situk RIver,1979,8/14/1979,14-Aug,Counted live,Sockeye,Adult,769
Situk Nine Mile,Situk RIver,1979,8/15/1979,15-Aug,Counted live,Sockeye,Adult,1724
Situk Nine Mile,Situk RIver,1979,8/16/1979,16-Aug,Counted live,Sockeye,Adult,1606
Situk Nine Mile,Situk RIver,1980,6/14/1980,14-Jun,Counted live,Sockeye,Adult,11
Situk Nine Mile,Situk RIver,1980,6/15/1980,15-Jun,Counted live,Sockeye,Adult,25
Situk Nine Mile,Situk RIver,1980,6/16/1980,16-Jun,Counted live,Sockeye,Adult,0
Situk Nine Mile,Situk RIver,1980,6/17/1980,17-Jun,Counted live,Sockeye,Adult,0
Situk Nine Mile,Situk RIver,1980,6/18/1980,18-Jun,Counted live,Sockeye,Adult,2
Situk Nine Mile,Situk RIver,1980,6/19/1980,19-Jun,Counted live,Sockeye,Adult,12
Situk Nine Mile,Situk RIver,1980,6/20/1980,20-Jun,Counted live,Sockeye,Adult,24
Situk Nine Mile,Situk RIver,1980,6/21/1980,21-Jun,Counted live,Sockeye,Adult,4
Situk Nine Mile,Situk RIver,1980,6/22/1980,22-Jun,Counted live,Sockeye,Adult,0
Situk Nine Mile,Situk RIver,1980,6/23/1980,23-Jun,Counted live,Sockeye,Adult,1315
Situk Nine Mile,Situk RIver,1980,6/24/1980,24-Jun,Counted live,Sockeye,Adult,2736
Situk Nine Mile,Situk RIver,1980,6/25/1980,25-Jun,Counted live,Sockeye,Adult,728
Situk Nine Mile,Situk RIver,1980,6/26/1980,26-Jun,Counted live,Sockeye,Adult,607
Situk Nine Mile,Situk RIver,1980,6/27/1980,27-Jun,Counted live,Sockeye,Adult,1702
Situk Nine Mile,Situk RIver,1980,6/28/1980,28-Jun,Counted live,Sockeye,Adult,519
Situk Nine Mile,Situk RIver,1980,6/29/1980,29-Jun,Counted live,Sockeye,Adult,1007
Situk Nine Mile,Situk RIver,1980,6/30/1980,30-Jun,Counted live,Sockeye,Adult,287
Situk Nine Mile,Situk RIver,1980,7/1/1980,1-Jul,Counted live,Sockeye,Adult,4033
Situk Nine Mile,Situk RIver,1980,7/2/1980,2-Jul,Counted live,Sockeye,Adult,817
Situk Nine Mile,Situk RIver,1980,7/3/1980,3-Jul,Counted live,Sockeye,Adult,1700
Situk Nine Mile,Situk RIver,1980,7/4/1980,4-Jul,Counted live,Sockeye,Adult,606
Situk Nine Mile,Situk RIver,1980,7/5/1980,5-Jul,Counted live,Sockeye,Adult,1925
Situk Nine Mile,Situk RIver,1980,7/6/1980,6-Jul,Counted live,Sockeye,Adult,2609
Situk Nine Mile,Situk RIver,1980,7/7/1980,7-Jul,Counted live,Sockeye,Adult,3015
Situk Nine Mile,Situk RIver,1980,7/8/1980,8-Jul,Counted live,Sockeye,Adult,1829
Situk Nine Mile,Situk RIver,1980,7/9/1980,9-Jul,Counted live,Sockeye,Adult,3019
Situk Nine Mile,Situk RIver,1980,7/10/1980,10-Jul,Counted live,Sockeye,Adult,1801
Situk Nine Mile,Situk RIver,1980,7/11/1980,11-Jul,Counted live,Sockeye,Adult,1410
Situk Nine Mile,Situk RIver,1980,7/12/1980,12-Jul,Counted live,Sockeye,Adult,3611
Situk Nine Mile,Situk RIver,1980,7/13/1980,13-Jul,Counted live,Sockeye,Adult,4106
Situk Nine Mile,Situk RIver,1980,7/14/1980,14-Jul,Counted live,Sockeye,Adult,3807
Situk Nine Mile,Situk RIver,1980,7/15/1980,15-Jul,Counted live,Sockeye,Adult,1001
Situk Nine Mile,Situk RIver,1980,7/16/1980,16-Jul,Counted live,Sockeye,Adult,3111
Situk Nine Mile,Situk RIver,1980,7/17/1980,17-Jul,Counted live,Sockeye,Adult,549
Situk Nine Mile,Situk RIver,1980,7/18/1980,18-Jul,Counted live,Sockeye,Adult,2104
Situk Nine Mile,Situk RIver,1980,7/19/1980,19-Jul,Counted live,Sockeye,Adult,1607
Situk Nine Mile,Situk RIver,1980,7/20/1980,20-Jul,Counted live,Sockeye,Adult,4410
Situk Nine Mile,Situk RIver,1980,7/21/1980,21-Jul,Counted live,Sockeye,Adult,3005
Situk Nine Mile,Situk RIver,1980,7/22/1980,22-Jul,Counted live,Sockeye,Adult,1600
Situk Nine Mile,Situk RIver,1980,7/23/1980,23-Jul,Counted live,Sockeye,Adult,4307
Situk Nine Mile,Situk RIver,1980,7/24/1980,24-Jul,Counted live,Sockeye,Adult,1700
Situk Nine Mile,Situk RIver,1980,7/25/1980,25-Jul,Counted live,Sockeye,Adult,3712
Situk Nine Mile,Situk RIver,1980,7/26/1980,26-Jul,Counted live,Sockeye,Adult,673
Situk Nine Mile,Situk RIver,1980,7/27/1980,27-Jul,Counted live,Sockeye,Adult,2902
Situk Nine Mile,Situk RIver,1980,7/28/1980,28-Jul,Counted live,Sockeye,Adult,2701
Situk Nine Mile,Situk RIver,1980,7/29/1980,29-Jul,Counted live,Sockeye,Adult,2409
Situk Nine Mile,Situk RIver,1981,6/15/1981,15-Jun,Counted live,Sockeye,Adult,7
Situk Nine Mile,Situk RIver,1981,6/16/1981,16-Jun,Counted live,Sockeye,Adult,1300
Situk Nine Mile,Situk RIver,1981,6/17/1981,17-Jun,Counted live,Sockeye,Adult,638
Situk Nine Mile,Situk RIver,1981,6/18/1981,18-Jun,Counted live,Sockeye,Adult,877
Situk Nine Mile,Situk RIver,1981,6/19/1981,19-Jun,Counted live,Sockeye,Adult,376
Situk Nine Mile,Situk RIver,1981,6/20/1981,20-Jun,Counted live,Sockeye,Adult,567
Situk Nine Mile,Situk RIver,1981,6/21/1981,21-Jun,Counted live,Sockeye,Adult,368
Situk Nine Mile,Situk RIver,1981,6/22/1981,22-Jun,Counted live,Sockeye,Adult,1088
Situk Nine Mile,Situk RIver,1981,6/23/1981,23-Jun,Counted live,Sockeye,Adult,1374
Situk Nine Mile,Situk RIver,1981,6/24/1981,24-Jun,Counted live,Sockeye,Adult,1501
Situk Nine Mile,Situk RIver,1981,6/25/1981,25-Jun,Counted live,Sockeye,Adult,1214
Situk Nine Mile,Situk RIver,1981,6/26/1981,26-Jun,Counted live,Sockeye,Adult,857
Situk Nine Mile,Situk RIver,1981,6/27/1981,27-Jun,Counted live,Sockeye,Adult,321
Situk Nine Mile,Situk RIver,1981,6/28/1981,28-Jun,Counted live,Sockeye,Adult,703
Situk Nine Mile,Situk RIver,1981,6/29/1981,29-Jun,Counted live,Sockeye,Adult,1003
Situk Nine Mile,Situk RIver,1981,6/30/1981,30-Jun,Counted live,Sockeye,Adult,5312
Situk Nine Mile,Situk RIver,1981,7/1/1981,1-Jul,Counted live,Sockeye,Adult,3402
Situk Nine Mile,Situk RIver,1981,7/2/1981,2-Jul,Counted live,Sockeye,Adult,1000
Situk Nine Mile,Situk RIver,1981,7/3/1981,3-Jul,Counted live,Sockeye,Adult,1000
Situk Nine Mile,Situk RIver,1981,7/4/1981,4-Jul,Counted live,Sockeye,Adult,1000
Situk Nine Mile,Situk RIver,1981,7/5/1981,5-Jul,Counted live,Sockeye,Adult,1000
Situk Nine Mile,Situk RIver,1981,7/6/1981,6-Jul,Counted live,Sockeye,Adult,1000
Situk Nine Mile,Situk RIver,1981,7/7/1981,7-Jul,Counted live,Sockeye,Adult,218
Situk Nine Mile,Situk RIver,1981,7/8/1981,8-Jul,Counted live,Sockeye,Adult,563
Situk Nine Mile,Situk RIver,1981,7/9/1981,9-Jul,Counted live,Sockeye,Adult,1814
Situk Nine Mile,Situk RIver,1981,7/10/1981,10-Jul,Counted live,Sockeye,Adult,3231
Situk Nine Mile,Situk RIver,1981,7/11/1981,11-Jul,Counted live,Sockeye,Adult,952
Situk Nine Mile,Situk RIver,1981,7/12/1981,12-Jul,Counted live,Sockeye,Adult,1981
Situk Nine Mile,Situk RIver,1981,7/13/1981,13-Jul,Counted live,Sockeye,Adult,3457
Situk Nine Mile,Situk RIver,1981,7/14/1981,14-Jul,Counted live,Sockeye,Adult,2169
Situk Nine Mile,Situk RIver,1981,7/15/1981,15-Jul,Counted live,Sockeye,Adult,1289
Situk Nine Mile,Situk RIver,1981,7/16/1981,16-Jul,Counted live,Sockeye,Adult,778
Situk Nine Mile,Situk RIver,1981,7/17/1981,17-Jul,Counted live,Sockeye,Adult,1480
Situk Nine Mile,Situk RIver,1981,7/18/1981,18-Jul,Counted live,Sockeye,Adult,1339
Situk Nine Mile,Situk RIver,1981,7/19/1981,19-Jul,Counted live,Sockeye,Adult,1679
Situk Nine Mile,Situk RIver,1981,7/20/1981,20-Jul,Counted live,Sockeye,Adult,2400
Situk Nine Mile,Situk RIver,1981,7/21/1981,21-Jul,Counted live,Sockeye,Adult,1958
Situk Nine Mile,Situk RIver,1981,7/22/1981,22-Jul,Counted live,Sockeye,Adult,524
Situk Nine Mile,Situk RIver,1981,7/23/1981,23-Jul,Counted live,Sockeye,Adult,1036
Situk Nine Mile,Situk RIver,1981,7/24/1981,24-Jul,Counted live,Sockeye,Adult,1321
Situk Nine Mile,Situk RIver,1981,7/25/1981,25-Jul,Counted live,Sockeye,Adult,1103
Situk Nine Mile,Situk RIver,1981,7/26/1981,26-Jul,Counted live,Sockeye,Adult,748
Situk Nine Mile,Situk RIver,1981,7/27/1981,27-Jul,Counted live,Sockeye,Adult,521
Situk Nine Mile,Situk RIver,1981,7/28/1981,28-Jul,Counted live,Sockeye,Adult,460
Situk Nine Mile,Situk RIver,1981,7/29/1981,29-Jul,Counted live,Sockeye,Adult,673
Situk Nine Mile,Situk RIver,1981,7/30/1981,30-Jul,Counted live,Sockeye,Adult,1116
Situk Nine Mile,Situk RIver,1981,7/31/1981,31-Jul,Counted live,Sockeye,Adult,859
Situk Nine Mile,Situk RIver,1981,8/1/1981,1-Aug,Counted live,Sockeye,Adult,462
Situk Nine Mile,Situk RIver,1981,8/2/1981,2-Aug,Counted live,Sockeye,Adult,460
Situk Nine Mile,Situk RIver,1981,8/3/1981,3-Aug,Counted live,Sockeye,Adult,523
Situk Nine Mile,Situk RIver,1981,8/4/1981,4-Aug,Counted live,Sockeye,Adult,70
Situk Nine Mile,Situk RIver,1981,8/5/1981,5-Aug,Counted live,Sockeye,Adult,178
Situk Nine Mile,Situk RIver,1981,8/6/1981,6-Aug,Counted live,Sockeye,Adult,300
Situk Nine Mile,Situk RIver,1981,8/7/1981,7-Aug,Counted live,Sockeye,Adult,112
Situk Nine Mile,Situk RIver,1981,8/8/1981,8-Aug,Counted live,Sockeye,Adult,39
Situk Nine Mile,Situk RIver,1981,8/9/1981,9-Aug,Counted live,Sockeye,Adult,0
Situk Nine Mile,Situk RIver,1981,8/10/1981,10-Aug,Counted live,Sockeye,Adult,0
Situk Nine Mile,Situk RIver,1981,8/11/1981,11-Aug,Counted live,Sockeye,Adult,0
Situk Nine Mile,Situk RIver,1981,8/12/1981,12-Aug,Counted live,Sockeye,Adult,6
Situk Nine Mile,Situk RIver,1981,8/13/1981,13-Aug,Counted live,Sockeye,Adult,33
Situk Nine Mile,Situk RIver,1981,8/14/1981,14-Aug,Counted live,Sockeye,Adult,14
Situk Nine Mile,Situk RIver,1982,6/12/1982,12-Jun,Counted live,Sockeye,Adult,1
Situk Nine Mile,Situk RIver,1982,6/13/1982,13-Jun,Counted live,Sockeye,Adult,2
Situk Nine Mile,Situk RIver,1982,6/14/1982,14-Jun,Counted live,Sockeye,Adult,6
Situk Nine Mile,Situk RIver,1982,6/15/1982,15-Jun,Counted live,Sockeye,Adult,9
Situk Nine Mile,Situk RIver,1982,6/16/1982,16-Jun,Counted live,Sockeye,Adult,29
Situk Nine Mile,Situk RIver,1982,6/17/1982,17-Jun,Counted live,Sockeye,Adult,7
Situk Nine Mile,Situk RIver,1982,6/18/1982,18-Jun,Counted live,Sockeye,Adult,332
Situk Nine Mile,Situk RIver,1982,6/19/1982,19-Jun,Counted live,Sockeye,Adult,1204
Situk Nine Mile,Situk RIver,1982,6/20/1982,20-Jun,Counted live,Sockeye,Adult,667
Situk Nine Mile,Situk RIver,1982,6/21/1982,21-Jun,Counted live,Sockeye,Adult,329
Situk Nine Mile,Situk RIver,1982,6/22/1982,22-Jun,Counted live,Sockeye,Adult,642
Situk Nine Mile,Situk RIver,1982,6/23/1982,23-Jun,Counted live,Sockeye,Adult,1029
Situk Nine Mile,Situk RIver,1982,6/24/1982,24-Jun,Counted live,Sockeye,Adult,1017
Situk Nine Mile,Situk RIver,1982,6/25/1982,25-Jun,Counted live,Sockeye,Adult,1145
Situk Nine Mile,Situk RIver,1982,6/26/1982,26-Jun,Counted live,Sockeye,Adult,1001
Situk Nine Mile,Situk RIver,1982,6/27/1982,27-Jun,Counted live,Sockeye,Adult,1674
Situk Nine Mile,Situk RIver,1982,6/28/1982,28-Jun,Counted live,Sockeye,Adult,849
Situk Nine Mile,Situk RIver,1982,6/29/1982,29-Jun,Counted live,Sockeye,Adult,2700
Situk Nine Mile,Situk RIver,1982,6/30/1982,30-Jun,Counted live,Sockeye,Adult,1123
Situk Nine Mile,Situk RIver,1982,7/1/1982,1-Jul,Counted live,Sockeye,Adult,1236
Situk Nine Mile,Situk RIver,1982,7/2/1982,2-Jul,Counted live,Sockeye,Adult,2512
Situk Nine Mile,Situk RIver,1982,7/3/1982,3-Jul,Counted live,Sockeye,Adult,1989
Situk Nine Mile,Situk RIver,1982,7/4/1982,4-Jul,Counted live,Sockeye,Adult,301
Situk Nine Mile,Situk RIver,1982,7/5/1982,5-Jul,Counted live,Sockeye,Adult,4040
Situk Nine Mile,Situk RIver,1982,7/6/1982,6-Jul,Counted live,Sockeye,Adult,3676
Situk Nine Mile,Situk RIver,1982,7/7/1982,7-Jul,Counted live,Sockeye,Adult,2851
Situk Nine Mile,Situk RIver,1982,7/8/1982,8-Jul,Counted live,Sockeye,Adult,2441
Situk Nine Mile,Situk RIver,1982,7/9/1982,9-Jul,Counted live,Sockeye,Adult,2202
Situk Nine Mile,Situk RIver,1982,7/10/1982,10-Jul,Counted live,Sockeye,Adult,1923
Situk Nine Mile,Situk RIver,1982,7/11/1982,11-Jul,Counted live,Sockeye,Adult,1427
Situk Nine Mile,Situk RIver,1982,7/12/1982,12-Jul,Counted live,Sockeye,Adult,1812
Situk Nine Mile,Situk RIver,1982,7/13/1982,13-Jul,Counted live,Sockeye,Adult,5016
Situk Nine Mile,Situk RIver,1982,7/14/1982,14-Jul,Counted live,Sockeye,Adult,1761
Situk Nine Mile,Situk RIver,1982,7/15/1982,15-Jul,Counted live,Sockeye,Adult,1418
Situk Nine Mile,Situk RIver,1982,7/16/1982,16-Jul,Counted live,Sockeye,Adult,1206
Situk Nine Mile,Situk RIver,1982,7/17/1982,17-Jul,Counted live,Sockeye,Adult,1868
Situk Nine Mile,Situk RIver,1982,7/18/1982,18-Jul,Counted live,Sockeye,Adult,1914
Situk Nine Mile,Situk RIver,1982,7/19/1982,19-Jul,Counted live,Sockeye,Adult,1369
Situk Nine Mile,Situk RIver,1982,7/20/1982,20-Jul,Counted live,Sockeye,Adult,1009
Situk Nine Mile,Situk RIver,1982,7/21/1982,21-Jul,Counted live,Sockeye,Adult,2515
Situk Nine Mile,Situk RIver,1982,7/22/1982,22-Jul,Counted live,Sockeye,Adult,1501
Situk Nine Mile,Situk RIver,1982,7/23/1982,23-Jul,Counted live,Sockeye,Adult,1443
Situk Nine Mile,Situk RIver,1982,7/24/1982,24-Jul,Counted live,Sockeye,Adult,937
Situk Nine Mile,Situk RIver,1982,7/25/1982,25-Jul,Counted live,Sockeye,Adult,605
Situk Nine Mile,Situk RIver,1982,7/26/1982,26-Jul,Counted live,Sockeye,Adult,2354
Situk Nine Mile,Situk RIver,1982,7/27/1982,27-Jul,Counted live,Sockeye,Adult,1007
Situk Nine Mile,Situk RIver,1982,7/28/1982,28-Jul,Counted live,Sockeye,Adult,1391
Situk Nine Mile,Situk RIver,1982,7/29/1982,29-Jul,Counted live,Sockeye,Adult,0
Situk Nine Mile,Situk RIver,1982,7/30/1982,30-Jul,Counted live,Sockeye,Adult,365
Situk Nine Mile,Situk RIver,1982,7/31/1982,31-Jul,Counted live,Sockeye,Adult,626
Situk Nine Mile,Situk RIver,1982,8/1/1982,1-Aug,Counted live,Sockeye,Adult,335
Situk Nine Mile,Situk RIver,1982,8/2/1982,2-Aug,Counted live,Sockeye,Adult,637
Situk Nine Mile,Situk RIver,1982,8/3/1982,3-Aug,Counted live,Sockeye,Adult,574
Situk Nine Mile,Situk RIver,1982,8/4/1982,4-Aug,Counted live,Sockeye,Adult,354
Situk Nine Mile,Situk RIver,1982,8/5/1982,5-Aug,Counted live,Sockeye,Adult,47
Situk Nine Mile,Situk RIver,1982,8/6/1982,6-Aug,Counted live,Sockeye,Adult,415
Situk Nine Mile,Situk RIver,1982,8/7/1982,7-Aug,Counted live,Sockeye,Adult,0
Situk Nine Mile,Situk RIver,1982,8/8/1982,8-Aug,Counted live,Sockeye,Adult,2900
Situk Nine Mile,Situk RIver,1982,8/9/1982,9-Aug,Counted live,Sockeye,Adult,591
Situk Nine Mile,Situk RIver,1982,8/10/1982,10-Aug,Counted live,Sockeye,Adult,119
Situk Nine Mile,Situk RIver,1982,8/11/1982,11-Aug,Counted live,Sockeye,Adult,8
Situk Nine Mile,Situk RIver,1982,8/12/1982,12-Aug,Counted live,Sockeye,Adult,3
Situk Nine Mile,Situk RIver,1982,8/13/1982,13-Aug,Counted live,Sockeye,Adult,164
Situk Nine Mile,Situk RIver,1982,8/14/1982,14-Aug,Counted live,Sockeye,Adult,3
Situk Nine Mile,Situk RIver,1982,8/15/1982,15-Aug,Counted live,Sockeye,Adult,94
Situk Nine Mile,Situk RIver,1982,8/16/1982,16-Aug,Counted live,Sockeye,Adult,186
Situk Nine Mile,Situk RIver,1982,8/17/1982,17-Aug,Counted live,Sockeye,Adult,120
Situk Nine Mile,Situk RIver,1982,8/18/1982,18-Aug,Counted live,Sockeye,Adult,124
Situk Nine Mile,Situk RIver,1982,8/19/1982,19-Aug,Counted live,Sockeye,Adult,48
Situk Nine Mile,Situk RIver,1982,8/20/1982,20-Aug,Counted live,Sockeye,Adult,123
Situk Nine Mile,Situk RIver,1982,8/21/1982,21-Aug,Counted live,Sockeye,Adult,63
Situk Nine Mile,Situk RIver,1982,8/22/1982,22-Aug,Counted live,Sockeye,Adult,63
Situk Nine Mile,Situk RIver,1982,8/23/1982,23-Aug,Counted live,Sockeye,Adult,23
Situk Nine Mile,Situk RIver,1982,8/24/1982,24-Aug,Counted live,Sockeye,Adult,26
Situk Nine Mile,Situk RIver,1983,6/10/1983,10-Jun,Counted live,Sockeye,Adult,0
Situk Nine Mile,Situk RIver,1983,6/11/1983,11-Jun,Counted live,Sockeye,Adult,0
Situk Nine Mile,Situk RIver,1983,6/12/1983,12-Jun,Counted live,Sockeye,Adult,0
Situk Nine Mile,Situk RIver,1983,6/13/1983,13-Jun,Counted live,Sockeye,Adult,0
Situk Nine Mile,Situk RIver,1983,6/14/1983,14-Jun,Counted live,Sockeye,Adult,0
Situk Nine Mile,Situk RIver,1983,6/15/1983,15-Jun,Counted live,Sockeye,Adult,0
Situk Nine Mile,Situk RIver,1983,6/16/1983,16-Jun,Counted live,Sockeye,Adult,0
Situk Nine Mile,Situk RIver,1983,6/17/1983,17-Jun,Counted live,Sockeye,Adult,13
Situk Nine Mile,Situk RIver,1983,6/18/1983,18-Jun,Counted live,Sockeye,Adult,25
Situk Nine Mile,Situk RIver,1983,6/19/1983,19-Jun,Counted live,Sockeye,Adult,54
Situk Nine Mile,Situk RIver,1983,6/20/1983,20-Jun,Counted live,Sockeye,Adult,8
Situk Nine Mile,Situk RIver,1983,6/21/1983,21-Jun,Counted live,Sockeye,Adult,30
Situk Nine Mile,Situk RIver,1983,6/22/1983,22-Jun,Counted live,Sockeye,Adult,496
Situk Nine Mile,Situk RIver,1983,6/23/1983,23-Jun,Counted live,Sockeye,Adult,1092
Situk Nine Mile,Situk RIver,1983,6/24/1983,24-Jun,Counted live,Sockeye,Adult,2376
Situk Nine Mile,Situk RIver,1983,6/25/1983,25-Jun,Counted live,Sockeye,Adult,112
Situk Nine Mile,Situk RIver,1983,6/26/1983,26-Jun,Counted live,Sockeye,Adult,63
Situk Nine Mile,Situk RIver,1983,6/27/1983,27-Jun,Counted live,Sockeye,Adult,930
Situk Nine Mile,Situk RIver,1983,6/28/1983,28-Jun,Counted live,Sockeye,Adult,1131
Situk Nine Mile,Situk RIver,1983,6/29/1983,29-Jun,Counted live,Sockeye,Adult,550
Situk Nine Mile,Situk RIver,1983,6/30/1983,30-Jun,Counted live,Sockeye,Adult,1823
Situk Nine Mile,Situk RIver,1983,7/1/1983,1-Jul,Counted live,Sockeye,Adult,1061
Situk Nine Mile,Situk RIver,1983,7/2/1983,2-Jul,Counted live,Sockeye,Adult,1186
Situk Nine Mile,Situk RIver,1983,7/3/1983,3-Jul,Counted live,Sockeye,Adult,2318
Situk Nine Mile,Situk RIver,1983,7/4/1983,4-Jul,Counted live,Sockeye,Adult,2635
Situk Nine Mile,Situk RIver,1983,7/5/1983,5-Jul,Counted live,Sockeye,Adult,2838
Situk Nine Mile,Situk RIver,1983,7/6/1983,6-Jul,Counted live,Sockeye,Adult,1748
Situk Nine Mile,Situk RIver,1983,7/7/1983,7-Jul,Counted live,Sockeye,Adult,1003
Situk Nine Mile,Situk RIver,1983,7/8/1983,8-Jul,Counted live,Sockeye,Adult,513
Situk Nine Mile,Situk RIver,1983,7/9/1983,9-Jul,Counted live,Sockeye,Adult,733
Situk Nine Mile,Situk RIver,1983,7/10/1983,10-Jul,Counted live,Sockeye,Adult,1144
Situk Nine Mile,Situk RIver,1983,7/11/1983,11-Jul,Counted live,Sockeye,Adult,1834
Situk Nine Mile,Situk RIver,1983,7/12/1983,12-Jul,Counted live,Sockeye,Adult,725
Situk Nine Mile,Situk RIver,1983,7/13/1983,13-Jul,Counted live,Sockeye,Adult,2173
Situk Nine Mile,Situk RIver,1983,7/14/1983,14-Jul,Counted live,Sockeye,Adult,750
Situk Nine Mile,Situk RIver,1983,7/15/1983,15-Jul,Counted live,Sockeye,Adult,1761
Situk Nine Mile,Situk RIver,1983,7/16/1983,16-Jul,Counted live,Sockeye,Adult,1818
Situk Nine Mile,Situk RIver,1983,7/17/1983,17-Jul,Counted live,Sockeye,Adult,829
Situk Nine Mile,Situk RIver,1983,7/18/1983,18-Jul,Counted live,Sockeye,Adult,1215
Situk Nine Mile,Situk RIver,1983,7/19/1983,19-Jul,Counted live,Sockeye,Adult,1143
Situk Nine Mile,Situk RIver,1983,7/20/1983,20-Jul,Counted live,Sockeye,Adult,2793
Situk Nine Mile,Situk RIver,1983,7/21/1983,21-Jul,Counted live,Sockeye,Adult,1573
Situk Nine Mile,Situk RIver,1983,7/22/1983,22-Jul,Counted live,Sockeye,Adult,4994
Situk Nine Mile,Situk RIver,1983,7/23/1983,23-Jul,Counted live,Sockeye,Adult,1167
Situk Nine Mile,Situk RIver,1983,7/24/1983,24-Jul,Counted live,Sockeye,Adult,1527
Situk Nine Mile,Situk RIver,1983,7/25/1983,25-Jul,Counted live,Sockeye,Adult,2229
Situk Nine Mile,Situk RIver,1983,7/26/1983,26-Jul,Counted live,Sockeye,Adult,1134
Situk Nine Mile,Situk RIver,1983,7/27/1983,27-Jul,Counted live,Sockeye,Adult,1664
Situk Nine Mile,Situk RIver,1983,7/28/1983,28-Jul,Counted live,Sockeye,Adult,2276
Situk Nine Mile,Situk RIver,1983,7/29/1983,29-Jul,Counted live,Sockeye,Adult,342
Situk Nine Mile,Situk RIver,1983,7/30/1983,30-Jul,Counted live,Sockeye,Adult,237
Situk Nine Mile,Situk RIver,1983,7/31/1983,31-Jul,Counted live,Sockeye,Adult,542
Situk Nine Mile,Situk RIver,1983,8/1/1983,1-Aug,Counted live,Sockeye,Adult,345
Situk Nine Mile,Situk RIver,1983,8/2/1983,2-Aug,Counted live,Sockeye,Adult,1041
Situk Nine Mile,Situk RIver,1983,8/3/1983,3-Aug,Counted live,Sockeye,Adult,2075
Situk Nine Mile,Situk RIver,1983,8/4/1983,4-Aug,Counted live,Sockeye,Adult,874
Situk Nine Mile,Situk RIver,1983,8/5/1983,5-Aug,Counted live,Sockeye,Adult,171
Situk Nine Mile,Situk RIver,1983,8/6/1983,6-Aug,Counted live,Sockeye,Adult,638
Situk Nine Mile,Situk RIver,1983,8/7/1983,7-Aug,Counted live,Sockeye,Adult,167
Situk Nine Mile,Situk RIver,1983,8/8/1983,8-Aug,Counted live,Sockeye,Adult,221
Situk Nine Mile,Situk RIver,1983,8/9/1983,9-Aug,Counted live,Sockeye,Adult,292
Situk Nine Mile,Situk RIver,1983,8/10/1983,10-Aug,Counted live,Sockeye,Adult,296
Situk Nine Mile,Situk RIver,1983,8/11/1983,11-Aug,Counted live,Sockeye,Adult,238
Situk Nine Mile,Situk RIver,1983,8/12/1983,12-Aug,Counted live,Sockeye,Adult,169
Situk Nine Mile,Situk RIver,1983,8/13/1983,13-Aug,Counted live,Sockeye,Adult,38
Situk Nine Mile,Situk RIver,1983,8/14/1983,14-Aug,Counted live,Sockeye,Adult,80
Situk Nine Mile,Situk RIver,1983,8/15/1983,15-Aug,Counted live,Sockeye,Adult,284
Situk Nine Mile,Situk RIver,1983,8/16/1983,16-Aug,Counted live,Sockeye,Adult,54
Situk Nine Mile,Situk RIver,1983,8/17/1983,17-Aug,Counted live,Sockeye,Adult,42
Situk Nine Mile,Situk RIver,1983,8/18/1983,18-Aug,Counted live,Sockeye,Adult,12
Situk Nine Mile,Situk RIver,1984,6/5/1984,5-Jun,Counted live,Sockeye,Adult,0
Situk Nine Mile,Situk RIver,1984,6/6/1984,6-Jun,Counted live,Sockeye,Adult,0
Situk Nine Mile,Situk RIver,1984,6/7/1984,7-Jun,Counted live,Sockeye,Adult,0
Situk Nine Mile,Situk RIver,1984,6/8/1984,8-Jun,Counted live,Sockeye,Adult,0
Situk Nine Mile,Situk RIver,1984,6/9/1984,9-Jun,Counted live,Sockeye,Adult,0
Situk Nine Mile,Situk RIver,1984,6/10/1984,10-Jun,Counted live,Sockeye,Adult,0
Situk Nine Mile,Situk RIver,1984,6/11/1984,11-Jun,Counted live,Sockeye,Adult,0
Situk Nine Mile,Situk RIver,1984,6/12/1984,12-Jun,Counted live,Sockeye,Adult,0
Situk Nine Mile,Situk RIver,1984,6/13/1984,13-Jun,Counted live,Sockeye,Adult,0
Situk Nine Mile,Situk RIver,1984,6/14/1984,14-Jun,Counted live,Sockeye,Adult,0
Situk Nine Mile,Situk RIver,1984,6/15/1984,15-Jun,Counted live,Sockeye,Adult,0
Situk Nine Mile,Situk RIver,1984,6/16/1984,16-Jun,Counted live,Sockeye,Adult,0
Situk Nine Mile,Situk RIver,1984,6/17/1984,17-Jun,Counted live,Sockeye,Adult,0
Situk Nine Mile,Situk RIver,1984,6/18/1984,18-Jun,Counted live,Sockeye,Adult,0
Situk Nine Mile,Situk RIver,1984,6/19/1984,19-Jun,Counted live,Sockeye,Adult,0
Situk Nine Mile,Situk RIver,1984,6/20/1984,20-Jun,Counted live,Sockeye,Adult,57
Situk Nine Mile,Situk RIver,1984,6/21/1984,21-Jun,Counted live,Sockeye,Adult,373
Situk Nine Mile,Situk RIver,1984,6/22/1984,22-Jun,Counted live,Sockeye,Adult,770
Situk Nine Mile,Situk RIver,1984,6/23/1984,23-Jun,Counted live,Sockeye,Adult,307
Situk Nine Mile,Situk RIver,1984,6/24/1984,24-Jun,Counted live,Sockeye,Adult,56
Situk Nine Mile,Situk RIver,1984,6/25/1984,25-Jun,Counted live,Sockeye,Adult,0
Situk Nine Mile,Situk RIver,1984,6/26/1984,26-Jun,Counted live,Sockeye,Adult,27
Situk Nine Mile,Situk RIver,1984,6/27/1984,27-Jun,Counted live,Sockeye,Adult,2011
Situk Nine Mile,Situk RIver,1984,6/28/1984,28-Jun,Counted live,Sockeye,Adult,1121
Situk Nine Mile,Situk RIver,1984,6/29/1984,29-Jun,Counted live,Sockeye,Adult,1337
Situk Nine Mile,Situk RIver,1984,6/30/1984,30-Jun,Counted live,Sockeye,Adult,535
Situk Nine Mile,Situk RIver,1984,7/1/1984,1-Jul,Counted live,Sockeye,Adult,46
Situk Nine Mile,Situk RIver,1984,7/2/1984,2-Jul,Counted live,Sockeye,Adult,0
Situk Nine Mile,Situk RIver,1984,7/3/1984,3-Jul,Counted live,Sockeye,Adult,1041
Situk Nine Mile,Situk RIver,1984,7/4/1984,4-Jul,Counted live,Sockeye,Adult,1598
Situk Nine Mile,Situk RIver,1984,7/5/1984,5-Jul,Counted live,Sockeye,Adult,307
Situk Nine Mile,Situk RIver,1984,7/6/1984,6-Jul,Counted live,Sockeye,Adult,1298
Situk Nine Mile,Situk RIver,1984,7/7/1984,7-Jul,Counted live,Sockeye,Adult,1249
Situk Nine Mile,Situk RIver,1984,7/8/1984,8-Jul,Counted live,Sockeye,Adult,54
Situk Nine Mile,Situk RIver,1984,7/9/1984,9-Jul,Counted live,Sockeye,Adult,6921
Situk Nine Mile,Situk RIver,1984,7/10/1984,10-Jul,Counted live,Sockeye,Adult,532
Situk Nine Mile,Situk RIver,1984,7/11/1984,11-Jul,Counted live,Sockeye,Adult,1594
Situk Nine Mile,Situk RIver,1984,7/12/1984,12-Jul,Counted live,Sockeye,Adult,23
Situk Nine Mile,Situk RIver,1984,7/13/1984,13-Jul,Counted live,Sockeye,Adult,323
Situk Nine Mile,Situk RIver,1984,7/14/1984,14-Jul,Counted live,Sockeye,Adult,894
Situk Nine Mile,Situk RIver,1984,7/15/1984,15-Jul,Counted live,Sockeye,Adult,90
Situk Nine Mile,Situk RIver,1984,7/16/1984,16-Jul,Counted live,Sockeye,Adult,37
Situk Nine Mile,Situk RIver,1984,7/17/1984,17-Jul,Counted live,Sockeye,Adult,3705
Situk Nine Mile,Situk RIver,1984,7/18/1984,18-Jul,Counted live,Sockeye,Adult,53
Situk Nine Mile,Situk RIver,1984,7/19/1984,19-Jul,Counted live,Sockeye,Adult,1248
Situk Nine Mile,Situk RIver,1984,7/20/1984,20-Jul,Counted live,Sockeye,Adult,973
Situk Nine Mile,Situk RIver,1984,7/21/1984,21-Jul,Counted live,Sockeye,Adult,1368
Situk Nine Mile,Situk RIver,1984,7/22/1984,22-Jul,Counted live,Sockeye,Adult,82
Situk Nine Mile,Situk RIver,1984,7/23/1984,23-Jul,Counted live,Sockeye,Adult,1329
Situk Nine Mile,Situk RIver,1984,7/24/1984,24-Jul,Counted live,Sockeye,Adult,2772
Situk Nine Mile,Situk RIver,1984,7/25/1984,25-Jul,Counted live,Sockeye,Adult,1703
Situk Nine Mile,Situk RIver,1984,7/26/1984,26-Jul,Counted live,Sockeye,Adult,898
Situk Nine Mile,Situk RIver,1984,7/27/1984,27-Jul,Counted live,Sockeye,Adult,3344
Situk Nine Mile,Situk RIver,1984,7/28/1984,28-Jul,Counted live,Sockeye,Adult,1649
Situk Nine Mile,Situk RIver,1984,7/29/1984,29-Jul,Counted live,Sockeye,Adult,2099
Situk Nine Mile,Situk RIver,1984,7/30/1984,30-Jul,Counted live,Sockeye,Adult,301
Situk Nine Mile,Situk RIver,1984,7/31/1984,31-Jul,Counted live,Sockeye,Adult,985
Situk Nine Mile,Situk RIver,1984,8/1/1984,1-Aug,Counted live,Sockeye,Adult,1857
Situk Nine Mile,Situk RIver,1984,8/2/1984,2-Aug,Counted live,Sockeye,Adult,478
Situk Nine Mile,Situk RIver,1984,8/3/1984,3-Aug,Counted live,Sockeye,Adult,455
Situk Nine Mile,Situk RIver,1984,8/4/1984,4-Aug,Counted live,Sockeye,Adult,2843
Situk Nine Mile,Situk RIver,1984,8/5/1984,5-Aug,Counted live,Sockeye,Adult,1394
Situk Nine Mile,Situk RIver,1984,8/6/1984,6-Aug,Counted live,Sockeye,Adult,682
Situk Nine Mile,Situk RIver,1984,8/7/1984,7-Aug,Counted live,Sockeye,Adult,449
Situk Nine Mile,Situk RIver,1984,8/8/1984,8-Aug,Counted live,Sockeye,Adult,259
Situk Nine Mile,Situk RIver,1984,8/9/1984,9-Aug,Counted live,Sockeye,Adult,1293
Situk Nine Mile,Situk RIver,1984,8/10/1984,10-Aug,Counted live,Sockeye,Adult,1483
Situk Nine Mile,Situk RIver,1984,8/11/1984,11-Aug,Counted live,Sockeye,Adult,905
Situk Nine Mile,Situk RIver,1984,8/12/1984,12-Aug,Counted live,Sockeye,Adult,203
Situk Nine Mile,Situk RIver,1984,8/13/1984,13-Aug,Counted live,Sockeye,Adult,86
Situk Nine Mile,Situk RIver,1984,8/14/1984,14-Aug,Counted live,Sockeye,Adult,134
Situk Nine Mile,Situk RIver,1984,8/15/1984,15-Aug,Counted live,Sockeye,Adult,99
Situk Nine Mile,Situk RIver,1984,8/16/1984,16-Aug,Counted live,Sockeye,Adult,233
Situk Nine Mile,Situk RIver,1984,8/17/1984,17-Aug,Counted live,Sockeye,Adult,187
Situk Nine Mile,Situk RIver,1984,8/18/1984,18-Aug,Counted live,Sockeye,Adult,38
Situk Nine Mile,Situk RIver,1985,6/17/1985,17-Jun,Counted live,Sockeye,Adult,30
Situk Nine Mile,Situk RIver,1985,6/18/1985,18-Jun,Counted live,Sockeye,Adult,117
Situk Nine Mile,Situk RIver,1985,6/19/1985,19-Jun,Counted live,Sockeye,Adult,167
Situk Nine Mile,Situk RIver,1985,6/23/1985,23-Jun,Counted live,Sockeye,Adult,262
Situk Nine Mile,Situk RIver,1985,6/24/1985,24-Jun,Counted live,Sockeye,Adult,798
Situk Nine Mile,Situk RIver,1985,6/25/1985,25-Jun,Counted live,Sockeye,Adult,2517
Situk Nine Mile,Situk RIver,1985,6/26/1985,26-Jun,Counted live,Sockeye,Adult,952
Situk Nine Mile,Situk RIver,1985,6/27/1985,27-Jun,Counted live,Sockeye,Adult,96
Situk Nine Mile,Situk RIver,1985,6/28/1985,28-Jun,Counted live,Sockeye,Adult,136
Situk Nine Mile,Situk RIver,1985,6/29/1985,29-Jun,Counted live,Sockeye,Adult,2081
Situk Nine Mile,Situk RIver,1985,6/30/1985,30-Jun,Counted live,Sockeye,Adult,3828
Situk Nine Mile,Situk RIver,1985,7/1/1985,1-Jul,Counted live,Sockeye,Adult,1964
Situk Nine Mile,Situk RIver,1985,7/2/1985,2-Jul,Counted live,Sockeye,Adult,2277
Situk Nine Mile,Situk RIver,1985,7/3/1985,3-Jul,Counted live,Sockeye,Adult,1821
Situk Nine Mile,Situk RIver,1985,7/4/1985,4-Jul,Counted live,Sockeye,Adult,3847
Situk Nine Mile,Situk RIver,1985,7/5/1985,5-Jul,Counted live,Sockeye,Adult,3601
Situk Nine Mile,Situk RIver,1985,7/6/1985,6-Jul,Counted live,Sockeye,Adult,2682
Situk Nine Mile,Situk RIver,1985,7/7/1985,7-Jul,Counted live,Sockeye,Adult,3800
Situk Nine Mile,Situk RIver,1985,7/8/1985,8-Jul,Counted live,Sockeye,Adult,2744
Situk Nine Mile,Situk RIver,1985,7/9/1985,9-Jul,Counted live,Sockeye,Adult,3223
Situk Nine Mile,Situk RIver,1985,7/10/1985,10-Jul,Counted live,Sockeye,Adult,2269
Situk Nine Mile,Situk RIver,1985,7/11/1985,11-Jul,Counted live,Sockeye,Adult,1950
Situk Nine Mile,Situk RIver,1985,7/12/1985,12-Jul,Counted live,Sockeye,Adult,2725
Situk Nine Mile,Situk RIver,1985,7/13/1985,13-Jul,Counted live,Sockeye,Adult,2399
Situk Nine Mile,Situk RIver,1985,7/14/1985,14-Jul,Counted live,Sockeye,Adult,2006
Situk Nine Mile,Situk RIver,1985,7/15/1985,15-Jul,Counted live,Sockeye,Adult,3262
Situk Nine Mile,Situk RIver,1985,7/16/1985,16-Jul,Counted live,Sockeye,Adult,2567
Situk Nine Mile,Situk RIver,1985,7/17/1985,17-Jul,Counted live,Sockeye,Adult,2190
Situk Nine Mile,Situk RIver,1985,7/18/1985,18-Jul,Counted live,Sockeye,Adult,3390
Situk Nine Mile,Situk RIver,1985,7/19/1985,19-Jul,Counted live,Sockeye,Adult,2070
Situk Nine Mile,Situk RIver,1985,7/20/1985,20-Jul,Counted live,Sockeye,Adult,1557
Situk Nine Mile,Situk RIver,1985,7/21/1985,21-Jul,Counted live,Sockeye,Adult,1388
Situk Nine Mile,Situk RIver,1985,7/22/1985,22-Jul,Counted live,Sockeye,Adult,1783
Situk Nine Mile,Situk RIver,1985,7/23/1985,23-Jul,Counted live,Sockeye,Adult,854
Situk Nine Mile,Situk RIver,1985,7/24/1985,24-Jul,Counted live,Sockeye,Adult,2658
Situk Nine Mile,Situk RIver,1985,7/25/1985,25-Jul,Counted live,Sockeye,Adult,2652
Situk Nine Mile,Situk RIver,1985,7/26/1985,26-Jul,Counted live,Sockeye,Adult,2211
Situk Nine Mile,Situk RIver,1985,7/27/1985,27-Jul,Counted live,Sockeye,Adult,2000
Situk Nine Mile,Situk RIver,1985,7/28/1985,28-Jul,Counted live,Sockeye,Adult,2199
Situk Nine Mile,Situk RIver,1985,7/29/1985,29-Jul,Counted live,Sockeye,Adult,1009
Situk Nine Mile,Situk RIver,1985,7/30/1985,30-Jul,Counted live,Sockeye,Adult,1981
Situk Nine Mile,Situk RIver,1985,7/31/1985,31-Jul,Counted live,Sockeye,Adult,1977
Situk Nine Mile,Situk RIver,1985,8/1/1985,1-Aug,Counted live,Sockeye,Adult,1273
Situk Nine Mile,Situk RIver,1985,8/2/1985,2-Aug,Counted live,Sockeye,Adult,3159
Situk Nine Mile,Situk RIver,1985,8/3/1985,3-Aug,Counted live,Sockeye,Adult,634
Situk Nine Mile,Situk RIver,1985,8/4/1985,4-Aug,Counted live,Sockeye,Adult,691
Situk Nine Mile,Situk RIver,1985,8/5/1985,5-Aug,Counted live,Sockeye,Adult,1316
Situk Nine Mile,Situk RIver,1985,8/6/1985,6-Aug,Counted live,Sockeye,Adult,3919
Situk Nine Mile,Situk RIver,1985,8/7/1985,7-Aug,Counted live,Sockeye,Adult,1483
Situk Nine Mile,Situk RIver,1985,8/8/1985,8-Aug,Counted live,Sockeye,Adult,2079
Situk Nine Mile,Situk RIver,1985,8/9/1985,9-Aug,Counted live,Sockeye,Adult,1489
Situk Nine Mile,Situk RIver,1985,8/10/1985,10-Aug,Counted live,Sockeye,Adult,1938
Situk Nine Mile,Situk RIver,1985,8/11/1985,11-Aug,Counted live,Sockeye,Adult,1605
Situk Nine Mile,Situk RIver,1985,8/12/1985,12-Aug,Counted live,Sockeye,Adult,1635
Situk Nine Mile,Situk RIver,1985,8/13/1985,13-Aug,Counted live,Sockeye,Adult,1121
Situk Nine Mile,Situk RIver,1985,8/14/1985,14-Aug,Counted live,Sockeye,Adult,573
Situk Nine Mile,Situk RIver,1985,8/15/1985,15-Aug,Counted live,Sockeye,Adult,358
Situk Nine Mile,Situk RIver,1985,8/16/1985,16-Aug,Counted live,Sockeye,Adult,273
Situk Nine Mile,Situk RIver,1986,6/4/1986,4-Jun,Counted live,Sockeye,Adult,0
Situk Nine Mile,Situk RIver,1986,6/5/1986,5-Jun,Counted live,Sockeye,Adult,0
Situk Nine Mile,Situk RIver,1986,6/6/1986,6-Jun,Counted live,Sockeye,Adult,0
Situk Nine Mile,Situk RIver,1986,6/7/1986,7-Jun,Counted live,Sockeye,Adult,0
Situk Nine Mile,Situk RIver,1986,6/8/1986,8-Jun,Counted live,Sockeye,Adult,0
Situk Nine Mile,Situk RIver,1986,6/9/1986,9-Jun,Counted live,Sockeye,Adult,8
Situk Nine Mile,Situk RIver,1986,6/10/1986,10-Jun,Counted live,Sockeye,Adult,3
Situk Nine Mile,Situk RIver,1986,6/11/1986,11-Jun,Counted live,Sockeye,Adult,2
Situk Nine Mile,Situk RIver,1986,6/12/1986,12-Jun,Counted live,Sockeye,Adult,1
Situk Nine Mile,Situk RIver,1986,6/18/1986,18-Jun,Counted live,Sockeye,Adult,0
Situk Nine Mile,Situk RIver,1986,6/23/1986,23-Jun,Counted live,Sockeye,Adult,116
Situk Nine Mile,Situk RIver,1986,6/24/1986,24-Jun,Counted live,Sockeye,Adult,102
Situk Nine Mile,Situk RIver,1986,6/25/1986,25-Jun,Counted live,Sockeye,Adult,526
Situk Nine Mile,Situk RIver,1986,6/26/1986,26-Jun,Counted live,Sockeye,Adult,20
Situk Nine Mile,Situk RIver,1986,6/27/1986,27-Jun,Counted live,Sockeye,Adult,1813
Situk Nine Mile,Situk RIver,1986,6/28/1986,28-Jun,Counted live,Sockeye,Adult,1164
Situk Nine Mile,Situk RIver,1986,6/29/1986,29-Jun,Counted live,Sockeye,Adult,740
Situk Nine Mile,Situk RIver,1986,6/30/1986,30-Jun,Counted live,Sockeye,Adult,1457
Situk Nine Mile,Situk RIver,1986,7/1/1986,1-Jul,Counted live,Sockeye,Adult,3015
Situk Nine Mile,Situk RIver,1986,7/2/1986,2-Jul,Counted live,Sockeye,Adult,2440
Situk Nine Mile,Situk RIver,1986,7/3/1986,3-Jul,Counted live,Sockeye,Adult,1832
Situk Nine Mile,Situk RIver,1986,7/4/1986,4-Jul,Counted live,Sockeye,Adult,1525
Situk Nine Mile,Situk RIver,1986,7/5/1986,5-Jul,Counted live,Sockeye,Adult,1555
Situk Nine Mile,Situk RIver,1986,7/6/1986,6-Jul,Counted live,Sockeye,Adult,1935
Situk Nine Mile,Situk RIver,1986,7/7/1986,7-Jul,Counted live,Sockeye,Adult,280
Situk Nine Mile,Situk RIver,1986,7/8/1986,8-Jul,Counted live,Sockeye,Adult,776
Situk Nine Mile,Situk RIver,1986,7/9/1986,9-Jul,Counted live,Sockeye,Adult,1825
Situk Nine Mile,Situk RIver,1986,7/10/1986,10-Jul,Counted live,Sockeye,Adult,6256
Situk Nine Mile,Situk RIver,1986,7/11/1986,11-Jul,Counted live,Sockeye,Adult,638
Situk Nine Mile,Situk RIver,1986,7/12/1986,12-Jul,Counted live,Sockeye,Adult,1449
Situk Nine Mile,Situk RIver,1986,7/13/1986,13-Jul,Counted live,Sockeye,Adult,2365
Situk Nine Mile,Situk RIver,1986,7/14/1986,14-Jul,Counted live,Sockeye,Adult,2579
Situk Nine Mile,Situk RIver,1986,7/15/1986,15-Jul,Counted live,Sockeye,Adult,1634
Situk Nine Mile,Situk RIver,1986,7/16/1986,16-Jul,Counted live,Sockeye,Adult,583
Situk Nine Mile,Situk RIver,1986,7/17/1986,17-Jul,Counted live,Sockeye,Adult,802
Situk Nine Mile,Situk RIver,1986,7/18/1986,18-Jul,Counted live,Sockeye,Adult,1452
Situk Nine Mile,Situk RIver,1986,7/19/1986,19-Jul,Counted live,Sockeye,Adult,128
Situk Nine Mile,Situk RIver,1986,7/20/1986,20-Jul,Counted live,Sockeye,Adult,1583
Situk Nine Mile,Situk RIver,1986,7/21/1986,21-Jul,Counted live,Sockeye,Adult,849
Situk Nine Mile,Situk RIver,1986,7/22/1986,22-Jul,Counted live,Sockeye,Adult,1109
Situk Nine Mile,Situk RIver,1986,7/23/1986,23-Jul,Counted live,Sockeye,Adult,1500
Situk Nine Mile,Situk RIver,1986,7/24/1986,24-Jul,Counted live,Sockeye,Adult,855
Situk Nine Mile,Situk RIver,1986,7/25/1986,25-Jul,Counted live,Sockeye,Adult,1826
Situk Nine Mile,Situk RIver,1986,7/26/1986,26-Jul,Counted live,Sockeye,Adult,2185
Situk Nine Mile,Situk RIver,1986,7/27/1986,27-Jul,Counted live,Sockeye,Adult,1690
Situk Nine Mile,Situk RIver,1986,7/28/1986,28-Jul,Counted live,Sockeye,Adult,1546
Situk Nine Mile,Situk RIver,1986,7/29/1986,29-Jul,Counted live,Sockeye,Adult,505
Situk Nine Mile,Situk RIver,1986,7/30/1986,30-Jul,Counted live,Sockeye,Adult,1880
Situk Nine Mile,Situk RIver,1986,7/31/1986,31-Jul,Counted live,Sockeye,Adult,3059
Situk Nine Mile,Situk RIver,1986,8/1/1986,1-Aug,Counted live,Sockeye,Adult,2038
Situk Nine Mile,Situk RIver,1986,8/2/1986,2-Aug,Counted live,Sockeye,Adult,1438
Situk Nine Mile,Situk RIver,1986,8/3/1986,3-Aug,Counted live,Sockeye,Adult,1494
Situk Nine Mile,Situk RIver,1986,8/4/1986,4-Aug,Counted live,Sockeye,Adult,2557
Situk Nine Mile,Situk RIver,1986,8/5/1986,5-Aug,Counted live,Sockeye,Adult,77
Situk Nine Mile,Situk RIver,1986,8/6/1986,6-Aug,Counted live,Sockeye,Adult,194
Situk Nine Mile,Situk RIver,1986,8/7/1986,7-Aug,Counted live,Sockeye,Adult,484
Situk Nine Mile,Situk RIver,1986,8/8/1986,8-Aug,Counted live,Sockeye,Adult,222
Situk Nine Mile,Situk RIver,1986,8/9/1986,9-Aug,Counted live,Sockeye,Adult,1864
Situk Nine Mile,Situk RIver,1986,8/10/1986,10-Aug,Counted live,Sockeye,Adult,1547
Situk Nine Mile,Situk RIver,1986,8/11/1986,11-Aug,Counted live,Sockeye,Adult,234
Situk Nine Mile,Situk RIver,1986,8/12/1986,12-Aug,Counted live,Sockeye,Adult,339
Situk Nine Mile,Situk RIver,1986,8/13/1986,13-Aug,Counted live,Sockeye,Adult,902
Situk Nine Mile,Situk RIver,1986,8/14/1986,14-Aug,Counted live,Sockeye,Adult,157
Situk Nine Mile,Situk RIver,1986,8/15/1986,15-Aug,Counted live,Sockeye,Adult,127
Situk Nine Mile,Situk RIver,1986,8/16/1986,16-Aug,Counted live,Sockeye,Adult,151
Situk Nine Mile,Situk RIver,1986,8/17/1986,17-Aug,Counted live,Sockeye,Adult,110
Situk Nine Mile,Situk RIver,1987,6/11/1987,11-Jun,Counted live,Sockeye,Adult,0
Situk Nine Mile,Situk RIver,1987,6/12/1987,12-Jun,Counted live,Sockeye,Adult,0
Situk Nine Mile,Situk RIver,1987,6/13/1987,13-Jun,Counted live,Sockeye,Adult,0
Situk Nine Mile,Situk RIver,1987,6/14/1987,14-Jun,Counted live,Sockeye,Adult,0
Situk Nine Mile,Situk RIver,1987,6/15/1987,15-Jun,Counted live,Sockeye,Adult,0
Situk Nine Mile,Situk RIver,1987,6/16/1987,16-Jun,Counted live,Sockeye,Adult,0
Situk Nine Mile,Situk RIver,1987,6/17/1987,17-Jun,Counted live,Sockeye,Adult,0
Situk Nine Mile,Situk RIver,1987,6/18/1987,18-Jun,Counted live,Sockeye,Adult,358
Situk Nine Mile,Situk RIver,1987,6/19/1987,19-Jun,Counted live,Sockeye,Adult,172
Situk Nine Mile,Situk RIver,1987,6/20/1987,20-Jun,Counted live,Sockeye,Adult,201
Situk Nine Mile,Situk RIver,1987,6/21/1987,21-Jun,Counted live,Sockeye,Adult,138
Situk Nine Mile,Situk RIver,1987,6/22/1987,22-Jun,Counted live,Sockeye,Adult,15
Situk Nine Mile,Situk RIver,1987,6/23/1987,23-Jun,Counted live,Sockeye,Adult,84
Situk Nine Mile,Situk RIver,1987,6/24/1987,24-Jun,Counted live,Sockeye,Adult,110
Situk Nine Mile,Situk RIver,1987,6/25/1987,25-Jun,Counted live,Sockeye,Adult,88
Situk Nine Mile,Situk RIver,1987,6/26/1987,26-Jun,Counted live,Sockeye,Adult,624
Situk Nine Mile,Situk RIver,1987,6/27/1987,27-Jun,Counted live,Sockeye,Adult,666
Situk Nine Mile,Situk RIver,1987,6/28/1987,28-Jun,Counted live,Sockeye,Adult,1333
Situk Nine Mile,Situk RIver,1987,6/29/1987,29-Jun,Counted live,Sockeye,Adult,1322
Situk Nine Mile,Situk RIver,1987,6/30/1987,30-Jun,Counted live,Sockeye,Adult,1258
Situk Nine Mile,Situk RIver,1987,7/1/1987,1-Jul,Counted live,Sockeye,Adult,2852
Situk Nine Mile,Situk RIver,1987,7/2/1987,2-Jul,Counted live,Sockeye,Adult,1626
Situk Nine Mile,Situk RIver,1987,7/3/1987,3-Jul,Counted live,Sockeye,Adult,2063
Situk Nine Mile,Situk RIver,1987,7/4/1987,4-Jul,Counted live,Sockeye,Adult,1509
Situk Nine Mile,Situk RIver,1987,7/5/1987,5-Jul,Counted live,Sockeye,Adult,800
Situk Nine Mile,Situk RIver,1987,7/6/1987,6-Jul,Counted live,Sockeye,Adult,1298
Situk Nine Mile,Situk RIver,1987,7/7/1987,7-Jul,Counted live,Sockeye,Adult,1494
Situk Nine Mile,Situk RIver,1987,7/8/1987,8-Jul,Counted live,Sockeye,Adult,2139
Situk Nine Mile,Situk RIver,1987,7/9/1987,9-Jul,Counted live,Sockeye,Adult,5135
Situk Nine Mile,Situk RIver,1987,7/10/1987,10-Jul,Counted live,Sockeye,Adult,2696
Situk Nine Mile,Situk RIver,1987,7/11/1987,11-Jul,Counted live,Sockeye,Adult,2989
Situk Nine Mile,Situk RIver,1987,7/12/1987,12-Jul,Counted live,Sockeye,Adult,1819
Situk Nine Mile,Situk RIver,1987,7/13/1987,13-Jul,Counted live,Sockeye,Adult,368
Situk Nine Mile,Situk RIver,1987,7/14/1987,14-Jul,Counted live,Sockeye,Adult,407
Situk Nine Mile,Situk RIver,1987,7/15/1987,15-Jul,Counted live,Sockeye,Adult,482
Situk Nine Mile,Situk RIver,1987,7/16/1987,16-Jul,Counted live,Sockeye,Adult,1526
Situk Nine Mile,Situk RIver,1987,7/17/1987,17-Jul,Counted live,Sockeye,Adult,1268
Situk Nine Mile,Situk RIver,1987,7/18/1987,18-Jul,Counted live,Sockeye,Adult,1895
Situk Nine Mile,Situk RIver,1987,7/19/1987,19-Jul,Counted live,Sockeye,Adult,2460
Situk Nine Mile,Situk RIver,1987,7/20/1987,20-Jul,Counted live,Sockeye,Adult,2087
Situk Nine Mile,Situk RIver,1987,7/21/1987,21-Jul,Counted live,Sockeye,Adult,1048
Situk Nine Mile,Situk RIver,1987,7/22/1987,22-Jul,Counted live,Sockeye,Adult,1288
Situk Nine Mile,Situk RIver,1987,7/23/1987,23-Jul,Counted live,Sockeye,Adult,2031
Situk Nine Mile,Situk RIver,1987,7/24/1987,24-Jul,Counted live,Sockeye,Adult,2789
Situk Nine Mile,Situk RIver,1987,7/25/1987,25-Jul,Counted live,Sockeye,Adult,2176
Situk Nine Mile,Situk RIver,1987,7/26/1987,26-Jul,Counted live,Sockeye,Adult,1157
Situk Nine Mile,Situk RIver,1987,7/27/1987,27-Jul,Counted live,Sockeye,Adult,2637
Situk Nine Mile,Situk RIver,1987,7/28/1987,28-Jul,Counted live,Sockeye,Adult,1295
Situk Nine Mile,Situk RIver,1987,7/29/1987,29-Jul,Counted live,Sockeye,Adult,1027
Situk Nine Mile,Situk RIver,1987,7/30/1987,30-Jul,Counted live,Sockeye,Adult,1345
Situk Nine Mile,Situk RIver,1987,7/31/1987,31-Jul,Counted live,Sockeye,Adult,718
Situk Nine Mile,Situk RIver,1987,8/1/1987,1-Aug,Counted live,Sockeye,Adult,724
Situk Nine Mile,Situk RIver,1987,8/2/1987,2-Aug,Counted live,Sockeye,Adult,910
Situk Nine Mile,Situk RIver,1987,8/3/1987,3-Aug,Counted live,Sockeye,Adult,1288
Situk Nine Mile,Situk RIver,1987,8/4/1987,4-Aug,Counted live,Sockeye,Adult,905
Situk Nine Mile,Situk RIver,1987,8/5/1987,5-Aug,Counted live,Sockeye,Adult,947
Situk Nine Mile,Situk RIver,1987,8/6/1987,6-Aug,Counted live,Sockeye,Adult,683
Situk Nine Mile,Situk RIver,1987,8/7/1987,7-Aug,Counted live,Sockeye,Adult,472
Situk Nine Mile,Situk RIver,1987,8/8/1987,8-Aug,Counted live,Sockeye,Adult,1392
Situk Nine Mile,Situk RIver,1987,8/9/1987,9-Aug,Counted live,Sockeye,Adult,679
Situk Nine Mile,Situk RIver,1987,8/10/1987,10-Aug,Counted live,Sockeye,Adult,1103
Situk Nine Mile,Situk RIver,1987,8/11/1987,11-Aug,Counted live,Sockeye,Adult,486
Situk Nine Mile,Situk RIver,1987,8/12/1987,12-Aug,Counted live,Sockeye,Adult,364
Situk Nine Mile,Situk RIver,1987,8/13/1987,13-Aug,Counted live,Sockeye,Adult,495
Situk Nine Mile,Situk RIver,1987,8/14/1987,14-Aug,Counted live,Sockeye,Adult,354
Situk Nine Mile,Situk RIver,1987,8/15/1987,15-Aug,Counted live,Sockeye,Adult,460
Situk Nine Mile,Situk RIver,1987,8/16/1987,16-Aug,Counted live,Sockeye,Adult,309
Situk Nine Mile,Situk RIver,1987,8/17/1987,17-Aug,Counted live,Sockeye,Adult,225
Situk Nine Mile,Situk RIver,1987,8/18/1987,18-Aug,Counted live,Sockeye,Adult,131
